[5760, 720, 240, 120, 100]     :    1
[5760, 120, 60, 0, 125]        :    0
[5760, 1440, 540, 15, 25]      :    1
[8640, 1080, 240, 120, 100]    :    1
[360, 120, 60, 15, 125]        :    0
[360, 120, 30, 0, 100]         :    0
[8640, 60, 30, 30, 25]         :    1
[2880, 360, 120, 15, 50]       :    1
[720, 120, 30, 15, 75]         :    0
[5760, 720, 120, 30, 50]       :    1
[8640, 1440, 1080, 15, 75]     :    1
[5760, 360, 120, 60, 100]      :    1
[10080, 1440, 240, 15, 75]     :    1
[8640, 120, 60, 30, 25]        :    1
[10080, 60, 30, 0, 100]        :    0
[8640, 1440, 120, 0, 25]       :    1
[10080, 360, 60, 60, 50]       :    1
[1440, 720, 120, 60, 125]      :    1
[720, 120, 60, 45, 25]         :    1
[5760, 1440, 540, 60, 75]      :    1
[2880, 720, 120, 15, 50]       :    1
[1440, 240, 60, 15, 125]       :    0
[5760, 1080, 60, 30, 50]       :    1
[5760, 120, 30, 0, 125]        :    0
[5760, 360, 0, 0, 50]          :    1
[240, 120, 60, 0, 100]         :    0
[10080, 360, 240, 0, 75]       :    1
[5760, 720, 360, 15, 100]      :    1
[360, 120, 60, 0, 25]          :    0
[1440, 360, 240, 15, 75]       :    1
[5760, 360, 240, 45, 125]      :    0
[10080, 1080, 360, 60, 50]     :    1
[360, 240, 30, 15, 100]        :    0
[10080, 1080, 240, 15, 75]     :    1
[5760, 60, 0, 0, 125]          :    0
[8640, 720, 360, 45, 75]       :    1
[2880, 1080, 240, 60, 25]      :    1
[5760, 240, 30, 15, 100]       :    0
[5760, 360, 240, 120, 75]      :    1
[2880, 1080, 360, 120, 25]     :    1
[720, 360, 60, 60, 50]         :    1
[8640, 240, 120, 45, 50]       :    1
[8640, 1440, 120, 0, 100]      :    1
[10080, 720, 540, 120, 50]     :    1
[1440, 360, 30, 30, 50]        :    1
[2880, 360, 60, 60, 75]        :    1
[2880, 240, 60, 30, 75]        :    1
[360, 120, 30, 15, 125]        :    0
[2880, 240, 30, 0, 50]         :    1
[720, 240, 60, 15, 50]         :    0
[5760, 360, 240, 45, 25]       :    1
[8640, 1440, 720, 45, 125]     :    1
[240, 60, 30, 0, 100]          :    0
[360, 120, 60, 45, 75]         :    0
[1440, 1080, 360, 30, 100]     :    1
[2880, 1440, 30, 0, 50]        :    1
[1440, 360, 60, 60, 100]       :    0
[720, 360, 30, 0, 25]          :    1
[2880, 60, 30, 30, 100]        :    0
[10080, 60, 30, 0, 50]         :    0
[5760, 1080, 720, 0, 25]       :    1
[1440, 720, 60, 60, 100]       :    1
[2880, 360, 0, 0, 75]          :    0
[8640, 1080, 720, 30, 100]     :    1
[10080, 1080, 240, 60, 75]     :    1
[360, 240, 120, 15, 75]        :    0
[1440, 360, 60, 30, 50]        :    1
[10080, 720, 360, 60, 100]     :    1
[10080, 1440, 30, 0, 25]       :    1
[2880, 120, 60, 0, 100]        :    0
[8640, 360, 120, 30, 75]       :    1
[360, 120, 30, 30, 50]         :    0
[10080, 720, 540, 120, 25]     :    1
[8640, 1440, 720, 120, 25]     :    1
[10080, 240, 30, 30, 75]       :    0
[5760, 1080, 240, 120, 75]     :    1
[2880, 1440, 60, 0, 50]        :    1
[1440, 360, 120, 30, 75]       :    1
[8640, 360, 60, 45, 125]       :    0
[2880, 240, 120, 60, 25]       :    1
[720, 60, 30, 15, 75]          :    0
[5760, 60, 30, 0, 125]         :    0
[2880, 1080, 540, 15, 50]      :    1
[5760, 720, 540, 60, 100]      :    1
[2880, 240, 120, 15, 25]       :    1
[10080, 60, 30, 30, 125]       :    0
[10080, 360, 240, 120, 50]     :    1
[8640, 1440, 540, 15, 75]      :    1
[5760, 240, 60, 15, 100]       :    0
[8640, 720, 540, 30, 125]      :    1
[360, 240, 120, 120, 100]      :    1
[1440, 360, 240, 45, 75]       :    1
[10080, 1080, 120, 120, 125]   :    1
[360, 120, 60, 45, 125]        :    0
[10080, 1440, 540, 15, 25]     :    1
[1440, 360, 60, 60, 125]       :    0
[8640, 720, 120, 30, 50]       :    1
[2880, 360, 120, 45, 50]       :    1
[5760, 720, 360, 60, 50]       :    1
[10080, 1440, 60, 15, 25]      :    1
