[-0.01484606]
[-0.01486318]
[-0.01486045]
[-0.01487241]
[-0.01506748]
[-0.01489715]
[-0.01484409]
[-0.01482513]
[-0.01485884]
[-0.01486227]
[-0.01484672]
[-0.01486457]
[-0.01485485]
[-0.01485351]
[-0.0148544]
[-0.01487275]
[-0.01487797]
[-0.01485377]
[-0.01486024]
[-0.01487593]
[-0.01487797]
[-0.01484986]
[-0.01485014]
[-0.014869]
[-0.01487967]
[-0.01486285]
[-0.01485854]
[-0.01484876]
[-0.01485825]
[-0.01488157]
[-0.01487123]
[-0.0148573]
[-0.01484793]
[-0.014885]
[-0.01485144]
[-0.01487743]
[-0.01485594]
[-0.01497432]
[-0.01486416]
[-0.0148478]
[-0.01485455]
[-0.014863]
[-0.01486676]
[-0.01492657]
[-0.01487731]
[-0.01486916]
[-0.01486352]
[-0.01486145]
[-0.01488867]
[-0.01486857]
[-0.01506149]
[-0.01486464]
[-0.01485829]
[-0.01508673]
[-0.01486447]
[-0.01485624]
[-0.01487182]
[-0.01490875]
[-0.01485832]
[-0.01485559]
[-0.01485093]
[-0.01487137]
[-0.01486444]
[-0.01488894]
[-0.01485769]
[-0.0148527]
[-0.01486934]
[-0.01486745]
[-0.01488493]
[-0.01485515]
[-0.01487978]
[-0.01488214]
[-0.01488623]
[-0.01487966]
[-0.01486281]
[-0.01486215]
[-0.01486829]
[-0.01488971]
[-0.01487014]
[-0.01485717]
[-0.01488175]
[-0.01487434]
[-0.0148553]
[-0.01491002]
[-0.01487056]
[-0.01486735]
[-0.01487932]
[-0.01490594]
[-0.01527689]
[-0.01487311]
[-0.01486079]
[-0.01485913]
[-0.01485746]
[-0.01484603]
[-0.01485786]
[-0.01484535]
[-0.01485727]
[-0.01492588]
[-0.01486137]
[-0.01485685]
[-0.0148623]
[-0.01494805]
[-0.01487204]
[-0.01488443]
[-0.01489156]
[-0.01486864]
[-0.01486717]
[-0.01491338]
[-0.01490416]
[-0.0149216]
[-0.01486692]
[-0.01485098]
[-0.01486186]
[-0.01486864]
[-0.01486157]
[-0.01488435]
[-0.01490686]
[-0.01491014]
[-0.01487265]
[-0.0148377]
[-0.01488121]
[-0.01489148]
[-0.01486159]
[-0.01491676]
[-0.01488505]
[-0.01485819]
[-0.01487436]
[-0.01484772]
[-0.01486562]
[-0.01486018]
[-0.014851]
[-0.01487955]
[-0.0148791]
[-0.01486339]
[-0.01482411]
[-0.01488758]
[-0.01486841]
[-0.01489507]
[-0.01486892]
[-0.01487644]
[-0.01484587]
[-0.01489501]
[-0.01487093]
[-0.01490215]
[-0.0148684]
[-0.0148662]
[-0.01487187]
[-0.01486054]
[-0.0148772]
[-0.01485323]
[-0.01490124]
[-0.01485289]
[-0.01487764]
[-0.01490622]
[-0.01488498]
[-0.01490013]
[-0.01490063]
[-0.01489628]
[-0.0148718]
[-0.01485739]
[-0.014925]
[-0.01487815]
[-0.01485408]
[-0.01486173]
[-0.01487775]
[-0.01489156]
[-0.01490503]
[-0.01482096]
[-0.01486993]
[-0.01485134]
[-0.01489128]
[-0.01491779]
[-0.01485065]
[-0.0148367]
[-0.0148661]
[-0.01487701]
[-0.01484747]
[-0.01489388]
[-0.01487801]
[-0.01488462]
[-0.01486805]
[-0.01485528]
[-0.01482838]
[-0.01487794]
[-0.01497135]
[-0.01488182]
[-0.01488413]
[-0.01485202]
[-0.01498226]
[-0.01484455]
[-0.01485639]
[-0.01489242]
[-0.01487819]
[-0.01487952]
[-0.01488122]
[-0.01486841]
[-0.01489912]
[-0.01487488]
[-0.01486189]
[-0.01484931]
[-0.01487911]
[-0.0148815]
[-0.01485355]
[-0.01489005]
[-0.01488419]
[-0.0148672]
[-0.01490563]
[-0.01491118]
[-0.01487207]
[-0.014862]
[-0.01486549]
[-0.01499215]
[-0.01488557]
[-0.01487312]
[-0.01485926]
[-0.01485393]
[-0.01484442]
[-0.01488465]
[-0.01489858]
[-0.01493591]
[-0.01490164]
[-0.0148696]
[-0.01488887]
[-0.01485227]
[-0.01487194]
[-0.01487089]
[-0.01484877]
[-0.0148526]
[-0.01489145]
[-0.0149095]
[-0.01491154]
[-0.01489076]
[-0.01485901]
[-0.01491986]
[-0.01487206]
[-0.01485728]
[-0.01487317]
[-0.01486234]
[-0.0148715]
[-0.01485353]
[-0.01492824]
[-0.01485092]
[-0.01489022]
[-0.01486583]
[-0.01486201]
[-0.01487862]
[-0.01485263]
[-0.01486274]
[-0.01487625]
[-0.01482223]
[-0.01492894]
[-0.01486759]
[-0.01487331]
[-0.01491719]
[-0.01484297]
[-0.01486617]
[-0.01488419]
[-0.01483752]
[-0.01486952]
[-0.0148937]
[-0.01485075]
[-0.01487095]
[-0.01486036]
[-0.01527777]
[-0.01486596]
[-0.01493183]
[-0.01488644]
[-0.01483909]
[-0.01485763]
[-0.01490527]
[-0.01485464]
[-0.01484875]
[-0.01486664]
[-0.01489998]
[-0.0148687]
[-0.01487384]
[-0.01483554]
[-0.01505523]
[-0.01485253]
[-0.01490038]
[-0.01487411]
[-0.01489099]
[-0.01486863]
[-0.01485131]
[-0.01488005]
[-0.0148525]
[-0.01485833]
[-0.01484654]
[-0.01487026]
[-0.01485939]
[-0.01498728]
[-0.01488732]
[-0.01485547]
[-0.01487231]
[-0.01486723]
[-0.01488623]
[-0.01485987]
[-0.01491279]
[-0.0148668]
[-0.01485383]
[-0.01517922]
[-0.0148573]
[-0.01486093]
[-0.01485502]
[-0.01486051]
[-0.01489295]
[-0.01488515]
[-0.01488101]
[-0.01489143]
[-0.01498291]
[-0.01485502]
[-0.01486317]
[-0.01486107]
[-0.01486115]
[-0.01484722]
[-0.01487641]
[-0.01494742]
[-0.01486647]
[-0.01486546]
[-0.01490306]
[-0.01484885]
[-0.0148953]
[-0.01485847]
[-0.0148812]
[-0.01484166]
[-0.01508044]
[-0.01486908]
[-0.01496477]
[-0.0148973]
[-0.01486791]
[-0.0148571]
[-0.01487084]
[-0.01487153]
[-0.01487607]
[-0.01491191]
[-0.01485208]
[-0.01487988]
[-0.01486045]
[-0.01487414]
[-0.0148926]
[-0.01487167]
[-0.01487369]
[-0.01487143]
[-0.01487141]
[-0.01488802]
[-0.01496276]
[-0.0148621]
[-0.01484872]
[-0.01489943]
[-0.01488275]
[-0.01493103]
[-0.01483799]
[-0.01485041]
[-0.01485969]
[-0.01485678]
[-0.0148846]
[-0.01491819]
[-0.01485744]
[-0.01490246]
[-0.01486758]
[-0.01486661]
[-0.01486927]
[-0.01493629]
[-0.01485581]
[-0.01489066]
[-0.01486381]
[-0.01488798]
[-0.01487464]
[-0.01490646]
[-0.0148853]
[-0.01485121]
[-0.01491479]
[-0.01486695]
[-0.01483006]
[-0.01488274]
[-0.01488371]
[-0.01488938]
[-0.01490776]
[-0.01484756]
[-0.01497605]
[-0.01488981]
[-0.01491326]
[-0.01489663]
[-0.01487106]
[-0.01490231]
[-0.01482874]
[-0.01487056]
[-0.01486245]
[-0.01485116]
[-0.0150741]
[-0.01486527]
[-0.01489905]
[-0.01488028]
[-0.01484263]
[-0.01488204]
[-0.01485485]
[-0.01486794]
[-0.01496526]
[-0.01487129]
[-0.01487091]
[-0.01485084]
[-0.01507108]
[-0.01491553]
[-0.01488858]
[-0.01483764]
[-0.01487091]
[-0.0148478]
[-0.01494862]
[-0.01492879]
[-0.01499517]
[-0.01491285]
[-0.01497764]
[-0.0149801]
[-0.01487724]
[-0.01485488]
[-0.01488085]
[-0.01495995]
[-0.01485616]
[-0.01486078]
[-0.01486574]
[-0.01489793]
[-0.01487994]
[-0.01487156]
[-0.01486735]
[-0.01488589]
[-0.01485755]
[-0.01486689]
[-0.01486832]
[-0.0149191]
[-0.0148604]
[-0.01485034]
[-0.01488138]
[-0.01484106]
[-0.01486348]
[-0.01487674]
[-0.01492017]
[-0.01489968]
[-0.0148769]
[-0.01488129]
[-0.01489073]
[-0.01487373]
[-0.01486264]
[-0.01487041]
[-0.01486548]
[-0.01498774]
[-0.01484337]
[-0.01499035]
[-0.0149095]
[-0.01488378]
[-0.01486969]
[-0.01498018]
[-0.0148736]
[-0.01487762]
[-0.01487141]
[-0.01485278]
[-0.01486538]
[-0.01492097]
[-0.01503696]
[-0.01488914]
[-0.01489332]
[-0.01487046]
[-0.01489366]
[-0.01485996]
[-0.01492423]
[-0.01486447]
[-0.01486722]
[-0.01484932]
[-0.01490654]
[-0.01486761]
[-0.01484598]
[-0.01487559]
[-0.01486218]
[-0.01496506]
[-0.01490579]
[-0.01490085]
[-0.01486537]
[-0.01491979]
[-0.01487483]
[-0.01492451]
[-0.01491131]
[-0.01487431]
[-0.01487112]
[-0.01486083]
[-0.01487269]
[-0.01489467]
[-0.01483619]
[-0.01486852]
[-0.01484946]
[-0.01485941]
[-0.01491259]
[-0.01489977]
[-0.01485866]
[-0.01485966]
[-0.01489686]
[-0.01492521]
[-0.0148622]
[-0.01494346]
[-0.01492537]
[-0.01485025]
[-0.01488143]
[-0.01484721]
[-0.01497276]
[-0.01484763]
[-0.01487456]
[-0.01490638]
[-0.01492713]
[-0.01487569]
[-0.01490149]
[-0.01487221]
[-0.01486147]
[-0.01486432]
[-0.01489632]
[-0.01497792]
[-0.01487398]
[-0.01526273]
[-0.01486893]
[-0.01491286]
[-0.01485849]
[-0.01489476]
[-0.01486443]
[-0.01484903]
[-0.01485842]
[-0.01488888]
[-0.01486897]
[-0.01485557]
[-0.01486815]
[-0.01484332]
[-0.01487861]
[-0.01485679]
[-0.01484939]
[-0.01490104]
[-0.01486805]
[-0.01489489]
[-0.01498092]
[-0.01489816]
[-0.01485586]
[-0.01487812]
[-0.01484823]
[-0.01487936]
[-0.01487972]
[-0.01496719]
[-0.01487706]
[-0.01488729]
[-0.01525897]
[-0.01485745]
[-0.01486597]
[-0.01485508]
[-0.01485272]
[-0.01485651]
[-0.01486486]
[-0.01490114]
[-0.01488495]
[-0.01489089]
[-0.01486234]
[-0.01485828]
[-0.01484444]
[-0.01489198]
[-0.01488462]
[-0.01490551]
[-0.01489511]
[-0.01489853]
[-0.01484728]
[-0.01485131]
[-0.01486416]
[-0.01486297]
[-0.01487159]
[-0.01507301]
[-0.01486963]
[-0.0148786]
[-0.01485573]
[-0.01486909]
[-0.01485859]
[-0.01486026]
[-0.01484897]
[-0.01484626]
[-0.01485742]
[-0.01485298]
[-0.0149011]
[-0.01485374]
[-0.01490289]
[-0.01485329]
[-0.01494663]
[-0.01485735]
[-0.01490079]
[-0.01485136]
[-0.01489673]
[-0.01489558]
[-0.01488664]
[-0.01496275]
[-0.01488537]
[-0.0148355]
[-0.01487137]
[-0.0148896]
[-0.01484824]
[-0.01487114]
[-0.01487379]
[-0.01489837]
[-0.01486094]
[-0.01486192]
[-0.01487713]
[-0.01491394]
[-0.01488988]
[-0.01486988]
[-0.01483595]
[-0.01498978]
[-0.01496779]
[-0.01485747]
[-0.01487749]
[-0.01485357]
[-0.01490821]
[-0.01486124]
[-0.01486363]
[-0.01489798]
[-0.01487071]
[-0.01485258]
[-0.0148919]
[-0.01487613]
[-0.01485179]
[-0.0149034]
[-0.01508492]
[-0.01486765]
[-0.01485205]
[-0.01485951]
[-0.01487505]
[-0.0149039]
[-0.01484956]
[-0.01485036]
[-0.01488293]
[-0.01488698]
[-0.01488009]
[-0.0148766]
[-0.01488776]
[-0.01487458]
[-0.01486486]
[-0.01486471]
[-0.01486578]
[-0.01497417]
[-0.01491974]
[-0.01485805]
[-0.01485474]
[-0.01488328]
[-0.01489209]
[-0.01485534]
[-0.01488585]
[-0.01505088]
[-0.01485368]
[-0.0148722]
[-0.01488448]
[-0.01491609]
[-0.01486222]
[-0.01484297]
[-0.01485499]
[-0.01490968]
[-0.01490128]
[-0.01485275]
[-0.0148747]
[-0.01488174]
[-0.01486244]
[-0.01498009]
[-0.0148869]
[-0.01488125]
[-0.01489936]
[-0.01487673]
[-0.01489179]
[-0.01489875]
[-0.01494226]
[-0.01488521]
[-0.01487618]
[-0.01488208]
[-0.01490499]
[-0.01488105]
[-0.01490619]
[-0.01490052]
[-0.01485222]
[-0.0148998]
[-0.01526858]
[-0.01488894]
[-0.01491516]
[-0.01493068]
[-0.01487537]
[-0.01489545]
[-0.01487756]
[-0.01487825]
[-0.01493011]
[-0.0152413]
[-0.0149014]
[-0.01484485]
[-0.01490025]
[-0.01488804]
[-0.01489279]
[-0.01509777]
[-0.0148678]
[-0.01489325]
[-0.0148813]
[-0.01486423]
[-0.01494223]
[-0.01484652]
[-0.01508319]
[-0.01489987]
[-0.01489044]
[-0.01488018]
[-0.01497439]
[-0.01485641]
[-0.01483699]
[-0.01489359]
[-0.01486159]
[-0.01485547]
[-0.01487527]
[-0.01489243]
[-0.01486863]
[-0.01484845]
[-0.01485379]
[-0.01489676]
[-0.01484266]
[-0.01489188]
[-0.01487056]
[-0.0148701]
[-0.01488234]
[-0.01488563]
[-0.0148679]
[-0.01486142]
[-0.014837]
[-0.01481819]
[-0.01487421]
[-0.01490929]
[-0.01487491]
[-0.0148639]
[-0.01491383]
[-0.01492175]
[-0.01491987]
[-0.01497777]
[-0.0148961]
[-0.01486958]
[-0.01528826]
[-0.01483405]
[-0.0148792]
[-0.01498629]
[-0.0149244]
[-0.0148687]
[-0.0148894]
[-0.01486782]
[-0.01490485]
[-0.01489732]
[-0.01493036]
[-0.01488272]
[-0.01488929]
[-0.01489041]
[-0.01498436]
[-0.01488363]
[-0.01489153]
[-0.01487267]
[-0.01487583]
[-0.01487598]
[-0.01489046]
[-0.01492179]
[-0.01485557]
[-0.01489791]
[-0.01488962]
[-0.01489354]
[-0.01485804]
[-0.01488148]
[-0.01489211]
[-0.01485658]
[-0.01496779]
[-0.01485547]
[-0.01486661]
[-0.014854]
[-0.01488871]
[-0.01485399]
[-0.01488834]
[-0.01487209]
[-0.014882]
[-0.01506233]
[-0.01489976]
[-0.01487101]
[-0.01488267]
[-0.01488218]
[-0.01485637]
[-0.01488205]
[-0.01486506]
[-0.01492117]
[-0.0149247]
[-0.0148548]
[-0.01484882]
[-0.01486779]
[-0.01486441]
[-0.01489748]
[-0.01487827]
[-0.01489538]
[-0.01487686]
[-0.01489287]
[-0.01486344]
[-0.01487748]
[-0.01488344]
[-0.01491121]
[-0.01487942]
[-0.01490143]
[-0.01488499]
[-0.01489284]
[-0.01489041]
[-0.01490883]
[-0.01488783]
[-0.0148775]
[-0.01486769]
[-0.01509933]
[-0.01494549]
[-0.01487854]
[-0.01487158]
[-0.01489885]
[-0.014891]
[-0.01490162]
[-0.01486492]
[-0.0148988]
[-0.01491557]
[-0.01483713]
[-0.01486162]
[-0.01494775]
[-0.01489415]
[-0.01488464]
[-0.01494421]
[-0.01496932]
[-0.01489607]
[-0.01489292]
[-0.01487601]
[-0.01492041]
[-0.01483688]
[-0.0148632]
[-0.01487559]
[-0.01486051]
[-0.01489094]
[-0.01488927]
[-0.01492955]
[-0.01486091]
[-0.01486328]
[-0.0148908]
[-0.01487272]
[-0.01489383]
[-0.01484007]
[-0.01484494]
[-0.01488758]
[-0.01486123]
[-0.01496453]
[-0.01487126]
[-0.01490155]
[-0.01489731]
[-0.01484801]
[-0.01485465]
[-0.01485948]
[-0.01489857]
[-0.01485361]
[-0.01486988]
[-0.0148801]
[-0.01489622]
[-0.01496407]
[-0.01488968]
[-0.01491145]
[-0.01488863]
[-0.01492032]
[-0.01484205]
[-0.01490178]
[-0.01492799]
[-0.01492102]
[-0.0148602]
[-0.01487277]
[-0.014871]
[-0.0149657]
[-0.01488236]
[-0.01487516]
[-0.01487634]
[-0.01489105]
[-0.01488415]
[-0.0149409]
[-0.01487872]
[-0.01489088]
[-0.01486382]
[-0.01484236]
[-0.01487757]
[-0.01486644]
[-0.0148779]
[-0.01488801]
[-0.01491248]
[-0.01489821]
[-0.01498192]
[-0.01489516]
[-0.01489061]
[-0.01507687]
[-0.01484849]
[-0.01487979]
[-0.01489307]
[-0.01494227]
[-0.01486895]
[-0.01488503]
[-0.01487854]
[-0.01483552]
[-0.01489725]
[-0.01497176]
[-0.01493803]
[-0.014889]
[-0.01484878]
[-0.0148704]
[-0.01485769]
[-0.01507617]
[-0.01484767]
[-0.01488695]
[-0.01488059]
[-0.01486957]
[-0.01484896]
[-0.01484682]
[-0.01487324]
[-0.01484787]
[-0.01485469]
[-0.01507933]
[-0.01485696]
[-0.01487811]
[-0.0148739]
[-0.01491722]
[-0.01486815]
[-0.01495633]
[-0.01486658]
[-0.01486292]
[-0.01488534]
[-0.01490439]
[-0.01492059]
[-0.01496272]
[-0.01484871]
[-0.01487799]
[-0.01489077]
[-0.01485331]
[-0.01486875]
[-0.01495323]
[-0.01486535]
[-0.01488478]
[-0.01508618]
[-0.01487782]
[-0.01488256]
[-0.01491459]
[-0.01528369]
[-0.01485232]
[-0.01485437]
[-0.01488984]
[-0.01490481]
[-0.01490628]
[-0.01485818]
[-0.01489614]
[-0.01488405]
[-0.01486924]
[-0.01490758]
[-0.01486641]
[-0.01486662]
[-0.01488357]
[-0.01483483]
[-0.01489575]
[-0.01489618]
[-0.01486344]
[-0.01486161]
[-0.01490579]
[-0.01490624]
[-0.01486494]
[-0.01484945]
[-0.01486836]
[-0.01483961]
[-0.01485784]
[-0.01487936]
[-0.01486651]
[-0.01525373]
[-0.01524616]
[-0.01489461]
[-0.01488125]
[-0.01488876]
[-0.01485266]
[-0.01489701]
[-0.01486935]
[-0.01485425]
[-0.01489234]
[-0.01486323]
[-0.01487597]
[-0.01487902]
[-0.01486799]
[-0.01486609]
[-0.01488926]
[-0.01487414]
[-0.01487705]
[-0.01485267]
[-0.01493955]
[-0.01486269]
[-0.01487026]
[-0.01490431]
[-0.01485532]
[-0.01489501]
[-0.01486616]
[-0.01491217]
[-0.01489229]
[-0.01491056]
[-0.01491844]
[-0.01487941]
[-0.0148669]
[-0.014879]
[-0.01487389]
[-0.01488284]
[-0.01486912]
[-0.01486261]
[-0.01521227]
[-0.01490521]
[-0.01484889]
[-0.01486495]
[-0.01484739]
[-0.01486831]
[-0.01484725]
[-0.01489482]
[-0.01492922]
[-0.01488063]
[-0.01489905]
[-0.01487415]
[-0.01485601]
[-0.01524458]
[-0.01489775]
[-0.01486822]
[-0.0148738]
[-0.01491821]
[-0.01490067]
[-0.01486779]
[-0.01495309]
[-0.0148654]
[-0.01489304]
[-0.0148533]
[-0.01487756]
[-0.0148833]
[-0.01486663]
[-0.0148998]
[-0.0148775]
[-0.01493221]
[-0.01486443]
[-0.01489728]
[-0.01485477]
[-0.014892]
[-0.01507416]
[-0.0148498]
[-0.01485093]
[-0.01507057]
[-0.01486159]
[-0.01487666]
[-0.01490935]
[-0.01490727]
[-0.01491078]
[-0.01487619]
[-0.0148639]
[-0.01484769]
[-0.01488249]
[-0.01488727]
[-0.01491906]
[-0.01489327]
[-0.01486499]
[-0.01488366]
[-0.01489337]
[-0.01497461]
[-0.01484988]
[-0.01492438]
[-0.01486951]
[-0.01485286]
[-0.01509307]
[-0.01489965]
[-0.01486722]
[-0.01490151]
[-0.01491258]
[-0.01486903]
[-0.01489428]
[-0.01488352]
[-0.01527638]
[-0.01486227]
[-0.01487926]
[-0.01484263]
[-0.01497197]
[-0.01527143]
[-0.01487063]
[-0.0148942]
[-0.01498183]
[-0.01487324]
[-0.01487098]
[-0.01488001]
[-0.01485767]
[-0.01484641]
[-0.01494492]
[-0.01489482]
[-0.01487835]
[-0.01487902]
[-0.0148748]
[-0.01491128]
[-0.01484847]
[-0.01487864]
[-0.01486653]
[-0.01487859]
[-0.01488999]
[-0.01483726]
[-0.01519177]
[-0.01487962]
[-0.01490998]
[-0.0149065]
[-0.0149136]
[-0.01517516]
[-0.01496577]
[-0.01488761]
[-0.0148639]
[-0.01484687]
[-0.01485811]
[-0.0148417]
[-0.01488527]
[-0.01484215]
[-0.01492699]
[-0.01488539]
[-0.01488438]
[-0.01504148]
[-0.01486786]
[-0.01497717]
[-0.01485861]
[-0.01494137]
[-0.01486492]
[-0.01487887]
[-0.014897]
[-0.01491234]
[-0.0148897]
[-0.01485671]
[-0.01483499]
[-0.0150421]
[-0.01497005]
[-0.0149212]
[-0.01497849]
[-0.01489226]
[-0.01488123]
[-0.01484423]
[-0.01488405]
[-0.01486421]
[-0.01493892]
[-0.01492419]
[-0.0148782]
[-0.01487644]
[-0.01486788]
[-0.01486606]
[-0.01488026]
[-0.01487625]
[-0.01490775]
[-0.01486089]
[-0.01486939]
[-0.01487131]
[-0.01489953]
[-0.01487642]
[-0.01488002]
[-0.01489031]
[-0.01489795]
[-0.01489094]
[-0.01488963]
[-0.01484011]
[-0.01489456]
[-0.01498192]
[-0.01487963]
[-0.01487161]
[-0.01526955]
[-0.01488442]
[-0.01487011]
[-0.0149124]
[-0.01489198]
[-0.01485082]
[-0.0148884]
[-0.01507462]
[-0.01489771]
[-0.0148497]
[-0.01526172]
[-0.01486367]
[-0.01488943]
[-0.0148997]
[-0.0148938]
[-0.01484252]
[-0.01484403]
[-0.01489995]
[-0.01494959]
[-0.01491078]
[-0.01488397]
[-0.014888]
[-0.01489616]
[-0.01484617]
[-0.01485124]
[-0.01491349]
[-0.01489193]
[-0.01487071]
[-0.01491567]
[-0.01488308]
[-0.01490596]
[-0.01491451]
[-0.01488553]
[-0.01487153]
[-0.01498507]
[-0.01486614]
[-0.01491627]
[-0.01490242]
[-0.01486946]
[-0.01487346]
[-0.01486063]
[-0.01509412]
[-0.01491619]
[-0.01487978]
[-0.01498703]
[-0.01487529]
[-0.01489182]
[-0.01497677]
[-0.01486718]
[-0.01489515]
[-0.01488548]
[-0.01492277]
[-0.01486836]
[-0.01490338]
[-0.01487853]
[-0.01489954]
[-0.0149785]
[-0.0148711]
[-0.01488624]
[-0.01488876]
[-0.01487627]
[-0.01486821]
[-0.01491047]
[-0.0148635]
[-0.01484655]
[-0.01487563]
[-0.01489119]
[-0.01486235]
[-0.01488162]
[-0.01489472]
[-0.01487702]
[-0.01496852]
[-0.01488629]
[-0.01488329]
[-0.01487108]
[-0.0150886]
[-0.01486065]
[-0.01488811]
[-0.01499936]
[-0.01486301]
[-0.01530269]
[-0.01487083]
[-0.01489727]
[-0.01488222]
[-0.01486123]
[-0.01484609]
[-0.01489087]
[-0.01489471]
[-0.01486784]
[-0.01486655]
[-0.01491738]
[-0.01488775]
[-0.01485355]
[-0.01489714]
[-0.01495342]
[-0.01507211]
[-0.01491642]
[-0.01486668]
[-0.01488598]
[-0.01489278]
[-0.01490672]
[-0.01487259]
[-0.01492435]
[-0.01493606]
[-0.0148669]
[-0.01486979]
[-0.01485664]
[-0.01485072]
[-0.01489016]
[-0.01485855]
[-0.01490122]
[-0.01485334]
[-0.01487934]
[-0.0149423]
[-0.01489774]
[-0.01488821]
[-0.01486923]
[-0.01487874]
[-0.01525694]
[-0.01488894]
[-0.01487684]
[-0.01488562]
[-0.01488325]
[-0.01484616]
[-0.01488051]
[-0.01498347]
[-0.01487892]
[-0.01488628]
[-0.01487751]
[-0.01487838]
[-0.01487131]
[-0.0149163]
[-0.01490809]
[-0.01487827]
[-0.01484919]
[-0.01493819]
[-0.01484524]
[-0.01528382]
[-0.01487773]
[-0.01495235]
[-0.01496289]
[-0.0148738]
[-0.01485546]
[-0.01486335]
[-0.01497516]
[-0.01488479]
[-0.01506372]
[-0.01486863]
[-0.01485541]
[-0.01502338]
[-0.0149093]
[-0.01488934]
[-0.01490803]
[-0.01495186]
[-0.0149004]
[-0.01490527]
[-0.01490109]
[-0.01490069]
[-0.01528866]
[-0.0150706]
[-0.01491174]
[-0.01487359]
[-0.01487454]
[-0.01490439]
[-0.01488792]
[-0.01490937]
[-0.01496123]
[-0.01487444]
[-0.01496907]
[-0.01494147]
[-0.01489082]
[-0.01488076]
[-0.01489087]
[-0.01484998]
[-0.01486772]
[-0.01488542]
[-0.01487745]
[-0.01492035]
[-0.01491424]
[-0.01496372]
[-0.01496976]
[-0.01487442]
[-0.01492418]
[-0.01484718]
[-0.01498973]
[-0.01490304]
[-0.01485941]
[-0.01491759]
[-0.01486591]
[-0.01489455]
[-0.01488431]
[-0.0148419]
[-0.01488464]
[-0.01498308]
[-0.01491036]
[-0.01485464]
[-0.01487873]
[-0.01489562]
[-0.01483912]
[-0.01487787]
[-0.01487641]
[-0.01494592]
[-0.01487544]
[-0.01487718]
[-0.01489899]
[-0.01487273]
[-0.01487343]
[-0.01489097]
[-0.01488954]
[-0.01487987]
[-0.01490256]
[-0.01486742]
[-0.01487351]
[-0.01487812]
[-0.01485439]
[-0.01488589]
[-0.01491558]
[-0.01491491]
[-0.01489666]
[-0.01486262]
[-0.01524416]
[-0.01498857]
[-0.01486032]
[-0.01486638]
[-0.01491274]
[-0.0149097]
[-0.01486828]
[-0.01488932]
[-0.01491036]
[-0.01488783]
[-0.0148789]
[-0.01488462]
[-0.01485264]
[-0.0148922]
[-0.01489823]
[-0.01486649]
[-0.01490862]
[-0.01485072]
[-0.01485007]
[-0.01492643]
[-0.01492191]
[-0.01485712]
[-0.01490108]
[-0.01488756]
[-0.01490205]
[-0.01486361]
[-0.01490992]
[-0.01498587]
[-0.01487961]
[-0.01488905]
[-0.01526456]
[-0.01488213]
[-0.014976]
[-0.01497658]
[-0.01506328]
[-0.01489279]
[-0.01487686]
[-0.01485563]
[-0.01487095]
[-0.01489767]
[-0.01485198]
[-0.0148724]
[-0.0149088]
[-0.01486578]
[-0.01485482]
[-0.01485366]
[-0.01485985]
[-0.01486939]
[-0.01487168]
[-0.0148664]
[-0.01489306]
[-0.01486168]
[-0.01526758]
[-0.01486763]
[-0.01489765]
[-0.014876]
[-0.01494667]
[-0.01507993]
[-0.0148686]
[-0.01487477]
[-0.01488896]
[-0.01486284]
[-0.01486152]
[-0.01487801]
[-0.01486815]
[-0.01494303]
[-0.01489427]
[-0.01484105]
[-0.01488465]
[-0.01486436]
[-0.01487906]
[-0.01484728]
[-0.01485933]
[-0.0149405]
[-0.01486366]
[-0.01490042]
[-0.01486564]
[-0.01486568]
[-0.0148564]
[-0.01489528]
[-0.01489337]
[-0.01484717]
[-0.01489175]
[-0.01489985]
[-0.01489109]
[-0.0148937]
[-0.01492091]
[-0.01486406]
[-0.01490705]
[-0.01486535]
[-0.01489184]
[-0.01496772]
[-0.0152474]
[-0.01524661]
[-0.01487508]
[-0.01494221]
[-0.01484365]
[-0.01485992]
[-0.0148421]
[-0.01485498]
[-0.0149043]
[-0.01490043]
[-0.01491457]
[-0.01487022]
[-0.0148521]
[-0.0149047]
[-0.01488489]
[-0.01526364]
[-0.01487569]
[-0.01497648]
[-0.01485371]
[-0.01494493]
[-0.01486043]
[-0.01488487]
[-0.01488849]
[-0.01487733]
[-0.0148957]
[-0.01486763]
[-0.01488077]
[-0.01488813]
[-0.01489744]
[-0.01484462]
[-0.01487771]
[-0.01489564]
[-0.0148565]
[-0.01485349]
[-0.01485977]
[-0.01486833]
[-0.01492048]
[-0.01487078]
[-0.01487656]
[-0.01496841]
[-0.01527784]
[-0.01487052]
[-0.01486507]
[-0.01488359]
[-0.01490368]
[-0.01488671]
[-0.01486328]
[-0.01489094]
[-0.01485174]
[-0.01488093]
[-0.01487272]
[-0.01486366]
[-0.01487514]
[-0.01523858]
[-0.0149874]
[-0.01489295]
[-0.01490024]
[-0.01492078]
[-0.0149022]
[-0.01489704]
[-0.01489864]
[-0.01490221]
[-0.01488432]
[-0.01486848]
[-0.01486216]
[-0.01489128]
[-0.01494256]
[-0.01486885]
[-0.01489223]
[-0.01495652]
[-0.0149108]
[-0.01492763]
[-0.01490333]
[-0.01488605]
[-0.0148846]
[-0.0149585]
[-0.01492202]
[-0.01487762]
[-0.01488641]
[-0.01489565]
[-0.01490145]
[-0.01492483]
[-0.01489819]
[-0.01523049]
[-0.01485158]
[-0.01487287]
[-0.01488813]
[-0.01486391]
[-0.0149159]
[-0.014947]
[-0.01490331]
[-0.01492381]
[-0.01492568]
[-0.01486969]
[-0.01487808]
[-0.01485622]
[-0.01488154]
[-0.01487807]
[-0.014893]
[-0.01486324]
[-0.01507284]
[-0.01487885]
[-0.014891]
[-0.01490455]
[-0.01488548]
[-0.01487072]
[-0.01491071]
[-0.01486709]
[-0.01489237]
[-0.01489092]
[-0.01488246]
[-0.01487571]
[-0.01485679]
[-0.01486329]
[-0.0148944]
[-0.01491527]
[-0.01487541]
[-0.0148706]
[-0.01487331]
[-0.01487108]
[-0.01489848]
[-0.01487877]
[-0.01491416]
[-0.01487472]
[-0.01489588]
[-0.014879]
[-0.01487665]
[-0.01492708]
[-0.01489458]
[-0.01486699]
[-0.0148553]
[-0.01488894]
[-0.01492261]
[-0.01489499]
[-0.01489334]
[-0.01490379]
[-0.01487944]
[-0.01491229]
[-0.01487994]
[-0.01485976]
[-0.01487957]
[-0.01486209]
[-0.01507968]
[-0.01484915]
[-0.01486595]
[-0.01485171]
[-0.01490368]
[-0.01484914]
[-0.01487978]
[-0.01488726]
[-0.01497549]
[-0.01488749]
[-0.01487251]
[-0.01495045]
[-0.01489388]
[-0.01488797]
[-0.01494757]
[-0.01491668]
[-0.01488743]
[-0.01491178]
[-0.01489634]
[-0.01486998]
[-0.01497074]
[-0.01497592]
[-0.01489046]
[-0.01489695]
[-0.01489729]
[-0.01486776]
[-0.01488091]
[-0.01527455]
[-0.01488768]
[-0.01485981]
[-0.01489623]
[-0.01488845]
[-0.01526445]
[-0.01486898]
[-0.01487306]
[-0.01489509]
[-0.01487682]
[-0.01488415]
[-0.0148718]
[-0.01484844]
[-0.01525752]
[-0.01485345]
[-0.01487758]
[-0.01488489]
[-0.01483337]
[-0.01487975]
[-0.01496811]
[-0.01498752]
[-0.01497072]
[-0.01492102]
[-0.01485399]
[-0.01507579]
[-0.01488674]
[-0.01484428]
[-0.01491479]
[-0.0148474]
[-0.0149663]
[-0.01487659]
[-0.01490617]
[-0.01487303]
[-0.01483748]
[-0.01490546]
[-0.01507318]
[-0.01527331]
[-0.01484269]
[-0.01487107]
[-0.01486603]
[-0.01488802]
[-0.01487283]
[-0.01484524]
[-0.01487262]
[-0.01488177]
[-0.01485864]
[-0.01488341]
[-0.01486759]
[-0.01490303]
[-0.01486504]
[-0.01491645]
[-0.01492597]
[-0.01491158]
[-0.01491982]
[-0.01487852]
[-0.01489433]
[-0.01489692]
[-0.0149005]
[-0.01487769]
[-0.01495766]
[-0.01488468]
[-0.01489613]
[-0.0150787]
[-0.01489447]
[-0.01487124]
[-0.0148615]
[-0.01489118]
[-0.01490104]
[-0.01488011]
[-0.01487679]
[-0.01490566]
[-0.01486159]
[-0.01490788]
[-0.01489165]
[-0.01494143]
[-0.01496078]
[-0.01488069]
[-0.0148894]
[-0.01486218]
[-0.01494243]
[-0.01484571]
[-0.0148575]
[-0.01485979]
[-0.0148831]
[-0.01488458]
[-0.01492986]
[-0.01489468]
[-0.01488331]
[-0.01526315]
[-0.01487534]
[-0.01484072]
[-0.0148734]
[-0.01506242]
[-0.01491287]
[-0.01490513]
[-0.01509501]
[-0.01489062]
[-0.01489207]
[-0.01495163]
[-0.01488269]
[-0.01487471]
[-0.0148641]
[-0.01489147]
[-0.01509508]
[-0.01487762]
[-0.01485214]
[-0.01489398]
[-0.01486479]
[-0.01487732]
[-0.01490236]
[-0.01485667]
[-0.01486371]
[-0.01491154]
[-0.01484902]
[-0.0148747]
[-0.01489825]
[-0.01486293]
[-0.01491117]
[-0.01490383]
[-0.01485194]
[-0.01489068]
[-0.0148639]
[-0.01490107]
[-0.01485244]
[-0.01487131]
[-0.01484607]
[-0.01488444]
[-0.01488629]
[-0.0148679]
[-0.01525314]
[-0.01488235]
[-0.01488459]
[-0.01491177]
[-0.01486678]
[-0.01486646]
[-0.01488115]
[-0.01489883]
[-0.01497272]
[-0.01486121]
[-0.01489119]
[-0.01489238]
[-0.01493188]
[-0.01487059]
[-0.0149504]
[-0.01490514]
[-0.01490919]
[-0.01498143]
[-0.01488851]
[-0.01489739]
[-0.01487092]
[-0.01490786]
[-0.01492222]
[-0.0148707]
[-0.01489572]
[-0.01493934]
[-0.01497319]
[-0.01497444]
[-0.01487863]
[-0.01525216]
[-0.01488927]
[-0.01491358]
[-0.01488537]
[-0.01493141]
[-0.01486373]
[-0.01489304]
[-0.01486952]
[-0.01486135]
[-0.01499144]
[-0.01528125]
[-0.01489387]
[-0.01506199]
[-0.01487756]
[-0.01489437]
[-0.01490422]
[-0.01487748]
[-0.01489657]
[-0.01491567]
[-0.01496286]
[-0.01486766]
[-0.01498955]
[-0.01486249]
[-0.01485488]
[-0.01486979]
[-0.01489953]
[-0.015066]
[-0.01484639]
[-0.01486096]
[-0.01488966]
[-0.01484455]
[-0.01529108]
[-0.01487642]
[-0.01485456]
[-0.01490561]
[-0.01490018]
[-0.01487279]
[-0.01491232]
[-0.01486317]
[-0.01483136]
[-0.01492113]
[-0.01484278]
[-0.01491191]
[-0.01486828]
[-0.01489839]
[-0.01497499]
[-0.01487301]
[-0.01488853]
[-0.01488795]
[-0.0148963]
[-0.01492873]
[-0.01491667]
[-0.01497774]
[-0.01498264]
[-0.01486613]
[-0.01489332]
[-0.01489218]
[-0.01491474]
[-0.01489601]
[-0.01486968]
[-0.01488752]
[-0.01506692]
[-0.01489812]
[-0.01497798]
[-0.01486165]
[-0.01490644]
[-0.01484215]
[-0.01496593]
[-0.01509353]
[-0.01489843]
[-0.01484793]
[-0.01488785]
[-0.01490539]
[-0.01486778]
[-0.01485355]
[-0.01490894]
[-0.01486958]
[-0.01485739]
[-0.01487927]
[-0.0148827]
[-0.0152435]
[-0.015277]
[-0.01491191]
[-0.0152658]
[-0.01493962]
[-0.01490155]
[-0.01497109]
[-0.01492695]
[-0.0148408]
[-0.01486139]
[-0.01485409]
[-0.0148917]
[-0.01495523]
[-0.01486583]
[-0.01489248]
[-0.01489387]
[-0.0148722]
[-0.01487831]
[-0.0149141]
[-0.0148911]
[-0.01486503]
[-0.01489045]
[-0.01486824]
[-0.01492165]
[-0.01485195]
[-0.01488831]
[-0.01487904]
[-0.01487362]
[-0.0148719]
[-0.01508166]
[-0.01489014]
[-0.01490498]
[-0.01497218]
[-0.01486404]
[-0.01487071]
[-0.01488308]
[-0.01485382]
[-0.01484983]
[-0.0148459]
[-0.01485034]
[-0.01486437]
[-0.01489275]
[-0.01498382]
[-0.01486159]
[-0.01487798]
[-0.01518135]
[-0.0149082]
[-0.01487708]
[-0.0149673]
[-0.01487167]
[-0.01490794]
[-0.01487086]
[-0.01529599]
[-0.01489148]
[-0.01489201]
[-0.01492033]
[-0.01490013]
[-0.01488159]
[-0.01491689]
[-0.01485078]
[-0.01486876]
[-0.01489074]
[-0.01528774]
[-0.01489268]
[-0.01489758]
[-0.01488334]
[-0.01490046]
[-0.01487303]
[-0.01491733]
[-0.01487472]
[-0.01493289]
[-0.01486523]
[-0.01493348]
[-0.01485137]
[-0.01492175]
[-0.0148846]
[-0.01488633]
[-0.01486912]
[-0.01486939]
[-0.01493349]
[-0.01486861]
[-0.01488122]
[-0.0148622]
[-0.01498981]
[-0.01490352]
[-0.0148502]
[-0.01486483]
[-0.01491595]
[-0.01487505]
[-0.01485289]
[-0.01524963]
[-0.01489376]
[-0.01484969]
[-0.01490138]
[-0.01487432]
[-0.01493451]
[-0.01492607]
[-0.01492613]
[-0.01490868]
[-0.01487026]
[-0.01489537]
[-0.01491401]
[-0.01490731]
[-0.01492058]
[-0.01526324]
[-0.01490304]
[-0.01498748]
[-0.01491699]
[-0.01488101]
[-0.01491062]
[-0.01499295]
[-0.01486634]
[-0.01489418]
[-0.01486755]
[-0.01488543]
[-0.0148957]
[-0.01525621]
[-0.01489952]
[-0.01491327]
[-0.01489509]
[-0.0149072]
[-0.01489895]
[-0.01484778]
[-0.01487674]
[-0.01494828]
[-0.01485872]
[-0.01489072]
[-0.01495548]
[-0.01487144]
[-0.0148689]
[-0.01489268]
[-0.0149609]
[-0.01489048]
[-0.0149068]
[-0.01486208]
[-0.01489228]
[-0.01489566]
[-0.01489896]
[-0.0149026]
[-0.0148861]
[-0.01487704]
[-0.01488935]
[-0.01488139]
[-0.01496749]
[-0.01485873]
[-0.01506349]
[-0.01490021]
[-0.01487465]
[-0.0149557]
[-0.01487781]
[-0.01497353]
[-0.01489726]
[-0.01488137]
[-0.01487811]
[-0.01485809]
[-0.01493929]
[-0.01484809]
[-0.01485908]
[-0.01497353]
[-0.01528146]
[-0.01486679]
[-0.01487235]
[-0.01489277]
[-0.01498187]
[-0.01512118]
[-0.01489332]
[-0.01490719]
[-0.01490355]
[-0.01487067]
[-0.01507675]
[-0.01490048]
[-0.01489246]
[-0.01489126]
[-0.01487541]
[-0.01490859]
[-0.01487736]
[-0.01507852]
[-0.01488504]
[-0.01488461]
[-0.01489931]
[-0.01486003]
[-0.01489583]
[-0.01487325]
[-0.01508433]
[-0.01488064]
[-0.01490443]
[-0.01486071]
[-0.01497916]
[-0.01486677]
[-0.01487712]
[-0.01489208]
[-0.0148875]
[-0.01488222]
[-0.0148852]
[-0.01489789]
[-0.01507312]
[-0.0149586]
[-0.01488581]
[-0.01497971]
[-0.01491834]
[-0.01491438]
[-0.0149026]
[-0.01490392]
[-0.01489861]
[-0.01486753]
[-0.01505373]
[-0.01488716]
[-0.0148634]
[-0.01488274]
[-0.01490414]
[-0.01488265]
[-0.01489142]
[-0.01490817]
[-0.01490842]
[-0.01488722]
[-0.0148447]
[-0.01492695]
[-0.01491527]
[-0.01509265]
[-0.01491857]
[-0.0149146]
[-0.01509433]
[-0.01486357]
[-0.01485569]
[-0.01487627]
[-0.01504131]
[-0.01487479]
[-0.01489828]
[-0.01496639]
[-0.01489008]
[-0.01491412]
[-0.0148972]
[-0.01492919]
[-0.01497596]
[-0.01486198]
[-0.01489233]
[-0.01507566]
[-0.01487913]
[-0.01486654]
[-0.01486353]
[-0.01490592]
[-0.0148948]
[-0.01487541]
[-0.01492623]
[-0.01492292]
[-0.01492019]
[-0.01485182]
[-0.01488771]
[-0.01485151]
[-0.01487952]
[-0.01487816]
[-0.01486243]
[-0.01492312]
[-0.01527492]
[-0.01491345]
[-0.01488254]
[-0.01487623]
[-0.0148702]
[-0.01487072]
[-0.01485401]
[-0.01489552]
[-0.01489872]
[-0.0151666]
[-0.01488039]
[-0.01492853]
[-0.01510878]
[-0.01489226]
[-0.01490174]
[-0.01485314]
[-0.01497117]
[-0.01489916]
[-0.01493376]
[-0.01489892]
[-0.01485802]
[-0.01487167]
[-0.01487506]
[-0.01493256]
[-0.0149271]
[-0.0148942]
[-0.01490144]
[-0.01485199]
[-0.01497551]
[-0.01490278]
[-0.01486646]
[-0.01497047]
[-0.01487797]
[-0.01494478]
[-0.01508984]
[-0.01527702]
[-0.01490329]
[-0.01488669]
[-0.01488368]
[-0.01487207]
[-0.01486884]
[-0.01491004]
[-0.01490299]
[-0.01488065]
[-0.01486424]
[-0.01486727]
[-0.01485928]
[-0.01493735]
[-0.01487926]
[-0.01484245]
[-0.01528598]
[-0.01492046]
[-0.01499101]
[-0.01485343]
[-0.01491515]
[-0.01490279]
[-0.01510366]
[-0.01493565]
[-0.01489495]
[-0.01485011]
[-0.01488253]
[-0.01497346]
[-0.01489321]
[-0.01487738]
[-0.01487194]
[-0.01492419]
[-0.01491136]
[-0.0149451]
[-0.01488007]
[-0.01493756]
[-0.01488861]
[-0.01490129]
[-0.01487602]
[-0.01488289]
[-0.01489104]
[-0.01485347]
[-0.01497323]
[-0.01489089]
[-0.01498138]
[-0.01486249]
[-0.01495233]
[-0.01489923]
[-0.01491869]
[-0.01488346]
[-0.01528348]
[-0.01489504]
[-0.01492531]
[-0.01489021]
[-0.01493135]
[-0.01486406]
[-0.01487724]
[-0.0148788]
[-0.01505986]
[-0.01485804]
[-0.01491422]
[-0.0149533]
[-0.01493339]
[-0.01489759]
[-0.01488043]
[-0.01488048]
[-0.01495069]
[-0.01491315]
[-0.01486044]
[-0.01486033]
[-0.01485293]
[-0.01488629]
[-0.01486734]
[-0.01487776]
[-0.01522622]
[-0.01486224]
[-0.01492448]
[-0.01487672]
[-0.01487536]
[-0.01491041]
[-0.01489766]
[-0.0149605]
[-0.01488119]
[-0.0148709]
[-0.01488046]
[-0.01490513]
[-0.01527566]
[-0.0150983]
[-0.01508606]
[-0.01487629]
[-0.0148772]
[-0.01492958]
[-0.01486378]
[-0.01489292]
[-0.01487769]
[-0.01486727]
[-0.01487857]
[-0.01492559]
[-0.0148822]
[-0.01497338]
[-0.01488848]
[-0.01488646]
[-0.01524993]
[-0.01486588]
[-0.01490202]
[-0.0148882]
[-0.01491985]
[-0.01489867]
[-0.01498844]
[-0.01489387]
[-0.01519404]
[-0.01492512]
[-0.01488917]
[-0.01489156]
[-0.01488389]
[-0.01491253]
[-0.01505674]
[-0.01495462]
[-0.01489497]
[-0.01487692]
[-0.01489908]
[-0.01490084]
[-0.0148934]
[-0.01487018]
[-0.01488231]
[-0.01488327]
[-0.0149172]
[-0.01499147]
[-0.01488842]
[-0.01488897]
[-0.01487073]
[-0.01489972]
[-0.01491598]
[-0.0148994]
[-0.01487309]
[-0.01490968]
[-0.01487548]
[-0.01484268]
[-0.01490594]
[-0.01493052]
[-0.01490909]
[-0.01485374]
[-0.01495742]
[-0.01486851]
[-0.01490535]
[-0.01490756]
[-0.01487942]
[-0.01489698]
[-0.01489469]
[-0.01495132]
[-0.014903]
[-0.01486257]
[-0.01487431]
[-0.01486983]
[-0.01488566]
[-0.01487799]
[-0.01490906]
[-0.01485992]
[-0.01485046]
[-0.01508104]
[-0.01487508]
[-0.01487946]
[-0.01486047]
[-0.01494512]
[-0.01491636]
[-0.01497441]
[-0.01488774]
[-0.01497408]
[-0.01493116]
[-0.01523773]
[-0.01489715]
[-0.01489539]
[-0.01487521]
[-0.01489431]
[-0.01489359]
[-0.01497356]
[-0.01488802]
[-0.01490437]
[-0.01487601]
[-0.01506833]
[-0.01489308]
[-0.01488469]
[-0.0149045]
[-0.01490098]
[-0.01488029]
[-0.01489057]
[-0.01489391]
[-0.01489827]
[-0.01490453]
[-0.01484443]
[-0.01494413]
[-0.01485913]
[-0.01486724]
[-0.01490191]
[-0.01490767]
[-0.01485906]
[-0.01492064]
[-0.01484428]
[-0.01489959]
[-0.0148872]
[-0.01527032]
[-0.01486782]
[-0.01489707]
[-0.01487466]
[-0.01488905]
[-0.01490278]
[-0.01488424]
[-0.01491489]
[-0.01485256]
[-0.01489544]
[-0.01487776]
[-0.01487052]
[-0.01496321]
[-0.01490749]
[-0.01485027]
[-0.01490682]
[-0.01486972]
[-0.01508856]
[-0.01508041]
[-0.01526111]
[-0.01486516]
[-0.01492472]
[-0.01489758]
[-0.01527208]
[-0.0148414]
[-0.01485637]
[-0.01491938]
[-0.01488449]
[-0.01489218]
[-0.01488605]
[-0.01490628]
[-0.01496995]
[-0.01489374]
[-0.01494018]
[-0.01495958]
[-0.01484383]
[-0.01498509]
[-0.01498547]
[-0.01491027]
[-0.0148846]
[-0.01485547]
[-0.01489943]
[-0.01487758]
[-0.01488856]
[-0.01509807]
[-0.01489669]
[-0.01486525]
[-0.01486119]
[-0.01487627]
[-0.01488712]
[-0.01508592]
[-0.01486646]
[-0.01486422]
[-0.01492245]
[-0.01497292]
[-0.01488075]
[-0.01490602]
[-0.01490641]
[-0.01485257]
[-0.0149093]
[-0.01486776]
[-0.01496273]
[-0.01496924]
[-0.01488102]
[-0.01488144]
[-0.01485905]
[-0.01486292]
[-0.0149655]
[-0.01492262]
[-0.01490247]
[-0.01490333]
[-0.01488074]
[-0.01488398]
[-0.01489189]
[-0.0148929]
[-0.01484878]
[-0.01505219]
[-0.01508216]
[-0.01487213]
[-0.01487379]
[-0.01490337]
[-0.01489477]
[-0.01500015]
[-0.01495242]
[-0.0148627]
[-0.0148638]
[-0.01490036]
[-0.01492146]
[-0.01489018]
[-0.0148678]
[-0.01496115]
[-0.01508361]
[-0.0149739]
[-0.01488278]
[-0.01509235]
[-0.01486255]
[-0.01487122]
[-0.01488047]
[-0.01491355]
[-0.01487151]
[-0.01487908]
[-0.01497143]
[-0.01525576]
[-0.01489854]
[-0.01490418]
[-0.01519107]
[-0.01493137]
[-0.01486467]
[-0.01484875]
[-0.01491824]
[-0.01486725]
[-0.0148667]
[-0.01485512]
[-0.01485422]
[-0.01486264]
[-0.01492895]
[-0.01487016]
[-0.01490953]
[-0.01485553]
[-0.01489075]
[-0.01497967]
[-0.01488085]
[-0.01498256]
[-0.01507707]
[-0.01484808]
[-0.01489327]
[-0.01488191]
[-0.01492108]
[-0.01528975]
[-0.01518097]
[-0.01506404]
[-0.01487439]
[-0.01486101]
[-0.01491102]
[-0.01489252]
[-0.01507838]
[-0.01493284]
[-0.01488707]
[-0.01486042]
[-0.01485307]
[-0.01506013]
[-0.01488815]
[-0.01483243]
[-0.01490762]
[-0.01489263]
[-0.01489412]
[-0.01490776]
[-0.0149207]
[-0.01489994]
[-0.01489325]
[-0.01490123]
[-0.01487626]
[-0.01489331]
[-0.01484736]
[-0.01490211]
[-0.01490774]
[-0.01497854]
[-0.0149807]
[-0.01486741]
[-0.01485794]
[-0.01485738]
[-0.01487988]
[-0.01490873]
[-0.01510156]
[-0.01489792]
[-0.014905]
[-0.01491809]
[-0.01505546]
[-0.01491634]
[-0.01489162]
[-0.01492306]
[-0.01491503]
[-0.01486304]
[-0.01496214]
[-0.01492548]
[-0.01490015]
[-0.01486939]
[-0.01497057]
[-0.01489668]
[-0.01493856]
[-0.01490337]
[-0.01490393]
[-0.01490568]
[-0.01487891]
[-0.01486392]
[-0.01492279]
[-0.01489012]
[-0.01520194]
[-0.01497465]
[-0.01488]
[-0.0148878]
[-0.01491255]
[-0.01525626]
[-0.01489594]
[-0.01489751]
[-0.01494565]
[-0.01487142]
[-0.01489241]
[-0.01497707]
[-0.01506915]
[-0.0148934]
[-0.01488853]
[-0.01507107]
[-0.01491832]
[-0.01484778]
[-0.01489858]
[-0.01488545]
[-0.01486995]
[-0.01486001]
[-0.01493281]
[-0.01523211]
[-0.01487985]
[-0.01486764]
[-0.01486351]
[-0.01490578]
[-0.01509732]
[-0.01487012]
[-0.01525747]
[-0.0148988]
[-0.01487076]
[-0.0149079]
[-0.01487307]
[-0.01484854]
[-0.01487318]
[-0.0148595]
[-0.01487221]
[-0.01486473]
[-0.01489327]
[-0.0148744]
[-0.01487801]
[-0.01491752]
[-0.01490026]
[-0.01505492]
[-0.01498396]
[-0.01494164]
[-0.01497627]
[-0.01490948]
[-0.01488176]
[-0.01498608]
[-0.01488428]
[-0.01507221]
[-0.01497612]
[-0.01486503]
[-0.01489507]
[-0.01485945]
[-0.01483255]
[-0.01489435]
[-0.01485207]
[-0.01490455]
[-0.01489754]
[-0.01489708]
[-0.0152511]
[-0.01496634]
[-0.01488284]
[-0.01491138]
[-0.01486791]
[-0.01489892]
[-0.01487275]
[-0.01490684]
[-0.014924]
[-0.01494306]
[-0.01489875]
[-0.01487209]
[-0.01491157]
[-0.01497036]
[-0.01488394]
[-0.01490444]
[-0.0149093]
[-0.01486248]
[-0.01487483]
[-0.01487692]
[-0.01489556]
[-0.014888]
[-0.0148974]
[-0.01492087]
[-0.01495043]
[-0.01490287]
[-0.01493273]
[-0.01487809]
[-0.01490486]
[-0.01488773]
[-0.01488109]
[-0.01488736]
[-0.01489863]
[-0.01491084]
[-0.01486673]
[-0.01496129]
[-0.0149211]
[-0.01489118]
[-0.01490926]
[-0.01487506]
[-0.01486706]
[-0.01489955]
[-0.01489179]
[-0.01488085]
[-0.01490534]
[-0.01485524]
[-0.01485932]
[-0.01487292]
[-0.01487655]
[-0.01485934]
[-0.01489899]
[-0.01486895]
[-0.01487622]
[-0.01488942]
[-0.01489567]
[-0.01489227]
[-0.01490322]
[-0.01507421]
[-0.01491198]
[-0.01488775]
[-0.0149251]
[-0.01485324]
[-0.01484589]
[-0.01507432]
[-0.01508996]
[-0.01493616]
[-0.01506774]
[-0.01489844]
[-0.01489933]
[-0.01490279]
[-0.01489951]
[-0.01487108]
[-0.01496569]
[-0.01490687]
[-0.01497474]
[-0.01491751]
[-0.01490778]
[-0.0149039]
[-0.01486715]
[-0.01488262]
[-0.01490118]
[-0.014873]
[-0.01491286]
[-0.01483018]
[-0.01493377]
[-0.01489361]
[-0.01487398]
[-0.01491224]
[-0.01490773]
[-0.01490417]
[-0.01496499]
[-0.01486572]
[-0.01491477]
[-0.01491058]
[-0.01490198]
[-0.01489826]
[-0.0152779]
[-0.01485629]
[-0.01488579]
[-0.01487452]
[-0.01495716]
[-0.01505231]
[-0.01490437]
[-0.01487246]
[-0.01490412]
[-0.01491369]
[-0.01489879]
[-0.01493179]
[-0.01488739]
[-0.01485896]
[-0.01484989]
[-0.01508491]
[-0.01489436]
[-0.01484487]
[-0.01487777]
[-0.0148657]
[-0.01526501]
[-0.01492073]
[-0.01496784]
[-0.01485108]
[-0.01487349]
[-0.01491102]
[-0.01488492]
[-0.01491396]
[-0.01483633]
[-0.01489539]
[-0.01504374]
[-0.01490589]
[-0.01488888]
[-0.01493521]
[-0.01490749]
[-0.01488457]
[-0.01489631]
[-0.01500235]
[-0.01482851]
[-0.01527837]
[-0.01485639]
[-0.01525362]
[-0.01488905]
[-0.01489842]
[-0.01486267]
[-0.01497372]
[-0.01489574]
[-0.01487321]
[-0.0149022]
[-0.01488761]
[-0.01490058]
[-0.01492381]
[-0.01496426]
[-0.01486095]
[-0.01487092]
[-0.01488245]
[-0.01486216]
[-0.0150603]
[-0.01491513]
[-0.01524711]
[-0.0150554]
[-0.01487407]
[-0.01509146]
[-0.01488989]
[-0.01487685]
[-0.01507468]
[-0.01488805]
[-0.01486623]
[-0.01495535]
[-0.01490776]
[-0.01486898]
[-0.01495387]
[-0.01504927]
[-0.01489705]
[-0.01490113]
[-0.01505105]
[-0.01488984]
[-0.01498893]
[-0.01489247]
[-0.01507524]
[-0.01486885]
[-0.01489652]
[-0.01490753]
[-0.01490326]
[-0.01492958]
[-0.01487813]
[-0.01489085]
[-0.01487698]
[-0.01489449]
[-0.01488252]
[-0.01487539]
[-0.01485584]
[-0.01488555]
[-0.01509417]
[-0.0148877]
[-0.01490836]
[-0.0148817]
[-0.01491205]
[-0.01486661]
[-0.01489374]
[-0.014883]
[-0.01485683]
[-0.01488972]
[-0.01492248]
[-0.01488895]
[-0.0152047]
[-0.01491641]
[-0.01496049]
[-0.01490535]
[-0.01489349]
[-0.01489116]
[-0.01504436]
[-0.01492484]
[-0.01491035]
[-0.01488139]
[-0.01488887]
[-0.01507485]
[-0.01489925]
[-0.01489342]
[-0.01488702]
[-0.01495835]
[-0.0148778]
[-0.01489366]
[-0.01525632]
[-0.01491201]
[-0.01494463]
[-0.01485763]
[-0.01487098]
[-0.0149098]
[-0.01498135]
[-0.01485807]
[-0.01491457]
[-0.01494616]
[-0.01490804]
[-0.01493977]
[-0.01494899]
[-0.01488972]
[-0.01488688]
[-0.01490045]
[-0.01493083]
[-0.01484786]
[-0.01489187]
[-0.01488709]
[-0.01487945]
[-0.01486099]
[-0.01487238]
[-0.01491672]
[-0.0149018]
[-0.0148982]
[-0.01488056]
[-0.01489772]
[-0.01488751]
[-0.01487296]
[-0.01488313]
[-0.01488914]
[-0.01485009]
[-0.01488779]
[-0.01490859]
[-0.01490346]
[-0.01510331]
[-0.01489576]
[-0.01485734]
[-0.01495122]
[-0.01488403]
[-0.01494259]
[-0.01488822]
[-0.01498916]
[-0.01488666]
[-0.01491863]
[-0.01490876]
[-0.0149347]
[-0.01489998]
[-0.01485556]
[-0.01495169]
[-0.01497954]
[-0.01492403]
[-0.0149606]
[-0.01491223]
[-0.01487389]
[-0.01485099]
[-0.01495813]
[-0.01490928]
[-0.01492505]
[-0.01525694]
[-0.01491649]
[-0.01492121]
[-0.01490603]
[-0.01492815]
[-0.01492988]
[-0.01493476]
[-0.01490357]
[-0.01490027]
[-0.01491274]
[-0.01492975]
[-0.01489018]
[-0.01524351]
[-0.01488152]
[-0.01487901]
[-0.01508986]
[-0.01488923]
[-0.01489688]
[-0.01488177]
[-0.01496824]
[-0.01490435]
[-0.01491214]
[-0.01529549]
[-0.01496579]
[-0.01489581]
[-0.01490307]
[-0.0148976]
[-0.01489621]
[-0.01488375]
[-0.01491267]
[-0.01486978]
[-0.01491582]
[-0.01496062]
[-0.01487904]
[-0.01486172]
[-0.01489887]
[-0.01495911]
[-0.01487633]
[-0.01487928]
[-0.01490731]
[-0.01493562]
[-0.01498091]
[-0.01489373]
[-0.01494001]
[-0.01485153]
[-0.01489913]
[-0.01489823]
[-0.01490469]
[-0.01498121]
[-0.01488066]
[-0.01487084]
[-0.01502126]
[-0.01507588]
[-0.0150655]
[-0.01492583]
[-0.01489897]
[-0.01489836]
[-0.01485878]
[-0.01484591]
[-0.01527097]
[-0.01486863]
[-0.01488072]
[-0.01489785]
[-0.01490995]
[-0.01485908]
[-0.01488308]
[-0.0149036]
[-0.01497213]
[-0.01488985]
[-0.01493175]
[-0.01499109]
[-0.01490955]
[-0.01489712]
[-0.01487778]
[-0.01524217]
[-0.01509606]
[-0.01485261]
[-0.01486576]
[-0.01489634]
[-0.01488523]
[-0.01487817]
[-0.01488646]
[-0.01490592]
[-0.0149423]
[-0.01489689]
[-0.01488453]
[-0.01484735]
[-0.01487584]
[-0.0149055]
[-0.01489004]
[-0.01487184]
[-0.01491393]
[-0.01506929]
[-0.01486533]
[-0.01490743]
[-0.01490045]
[-0.0148931]
[-0.01526503]
[-0.01488745]
[-0.01506676]
[-0.01488276]
[-0.01486468]
[-0.01487672]
[-0.01490676]
[-0.01487293]
[-0.01487191]
[-0.0149001]
[-0.01486264]
[-0.01488235]
[-0.01489355]
[-0.0148929]
[-0.01489591]
[-0.01494157]
[-0.01491187]
[-0.01495482]
[-0.01489058]
[-0.01499812]
[-0.01490237]
[-0.0149123]
[-0.01496384]
[-0.01489332]
[-0.01497239]
[-0.01488562]
[-0.01495087]
[-0.01490082]
[-0.01484751]
[-0.0149795]
[-0.0148871]
[-0.01490841]
[-0.01494972]
[-0.01489523]
[-0.01488566]
[-0.01489015]
[-0.01488944]
[-0.01486313]
[-0.01487843]
[-0.01486254]
[-0.01489269]
[-0.01487348]
[-0.01491883]
[-0.01489679]
[-0.01488516]
[-0.01490115]
[-0.01498721]
[-0.01498156]
[-0.01487732]
[-0.0148381]
[-0.01489263]
[-0.01492538]
[-0.01492597]
[-0.01484795]
[-0.0149051]
[-0.01520344]
[-0.01495201]
[-0.01491863]
[-0.01484406]
[-0.01486839]
[-0.0148688]
[-0.01491397]
[-0.01487137]
[-0.01490494]
[-0.01487846]
[-0.01518528]
[-0.01490042]
[-0.01496042]
[-0.0149414]
[-0.01488427]
[-0.01489215]
[-0.01490525]
[-0.01487332]
[-0.01488641]
[-0.01488851]
[-0.01486276]
[-0.01487553]
[-0.01492055]
[-0.01486627]
[-0.01494467]
[-0.01496411]
[-0.01485325]
[-0.01527201]
[-0.01489323]
[-0.01496156]
[-0.01526459]
[-0.01489457]
[-0.01489587]
[-0.01497049]
[-0.0149653]
[-0.01486195]
[-0.01490756]
[-0.01490029]
[-0.01489352]
[-0.01490685]
[-0.01485034]
[-0.01490425]
[-0.01493478]
[-0.01487149]
[-0.01485968]
[-0.01491978]
[-0.01487785]
[-0.01485973]
[-0.0152838]
[-0.01490713]
[-0.0150778]
[-0.01497114]
[-0.01489859]
[-0.01488593]
[-0.01490225]
[-0.01489601]
[-0.01489304]
[-0.0149096]
[-0.01489838]
[-0.01485285]
[-0.01491336]
[-0.01496221]
[-0.01492238]
[-0.01489733]
[-0.01487087]
[-0.01490385]
[-0.0148727]
[-0.01489607]
[-0.01485908]
[-0.01488577]
[-0.01489138]
[-0.01489776]
[-0.01527282]
[-0.01488186]
[-0.01487443]
[-0.01497894]
[-0.01492965]
[-0.01490292]
[-0.01490813]
[-0.01507662]
[-0.01506606]
[-0.01490804]
[-0.01488102]
[-0.01486884]
[-0.01489398]
[-0.01492468]
[-0.0149307]
[-0.01488511]
[-0.01489589]
[-0.01489925]
[-0.01496511]
[-0.01488434]
[-0.01488689]
[-0.01488102]
[-0.01489063]
[-0.01498362]
[-0.01488654]
[-0.01488961]
[-0.01492003]
[-0.01509484]
[-0.01485811]
[-0.01487799]
[-0.01489104]
[-0.01486351]
[-0.01499969]
[-0.01507384]
[-0.01488675]
[-0.01489087]
[-0.01490994]
[-0.01492391]
[-0.01489825]
[-0.01488079]
[-0.01490518]
[-0.01526404]
[-0.01507934]
[-0.0148988]
[-0.0152754]
[-0.01489481]
[-0.01496533]
[-0.01488102]
[-0.01488977]
[-0.01490329]
[-0.01490193]
[-0.01489888]
[-0.01486656]
[-0.01489521]
[-0.01526276]
[-0.01490379]
[-0.01524838]
[-0.01486149]
[-0.01489135]
[-0.01489756]
[-0.01491072]
[-0.01490059]
[-0.01488735]
[-0.01484798]
[-0.01490003]
[-0.01489712]
[-0.01498927]
[-0.01488967]
[-0.01486856]
[-0.0148881]
[-0.01486285]
[-0.01489742]
[-0.01492292]
[-0.01486455]
[-0.01487426]
[-0.01507821]
[-0.01488969]
[-0.01487008]
[-0.01497974]
[-0.01491283]
[-0.01487673]
[-0.0149731]
[-0.01496207]
[-0.01489583]
[-0.01491689]
[-0.01490205]
[-0.01488924]
[-0.01490048]
[-0.01490452]
[-0.01489816]
[-0.01495595]
[-0.01488226]
[-0.01489217]
[-0.01509317]
[-0.01506249]
[-0.01488476]
[-0.01487462]
[-0.01486527]
[-0.01489377]
[-0.01490071]
[-0.0148764]
[-0.01508372]
[-0.01486917]
[-0.01488657]
[-0.01487766]
[-0.01488616]
[-0.01509577]
[-0.014869]
[-0.01492992]
[-0.01490044]
[-0.01488006]
[-0.01498235]
[-0.01488383]
[-0.01490747]
[-0.01491572]
[-0.0149161]
[-0.01485894]
[-0.01491224]
[-0.01519809]
[-0.01494696]
[-0.01519041]
[-0.01486202]
[-0.01497043]
[-0.0148865]
[-0.01486164]
[-0.01526897]
[-0.01527281]
[-0.01492923]
[-0.01489782]
[-0.01488596]
[-0.01504624]
[-0.0148847]
[-0.01490813]
[-0.0149274]
[-0.01491688]
[-0.01487738]
[-0.01494107]
[-0.0148887]
[-0.01493265]
[-0.01487117]
[-0.01497915]
[-0.01488702]
[-0.01490442]
[-0.0149032]
[-0.01490789]
[-0.01494706]
[-0.01506366]
[-0.01489166]
[-0.01487722]
[-0.0149361]
[-0.01490729]
[-0.01487064]
[-0.01492473]
[-0.01491499]
[-0.0148766]
[-0.01488768]
[-0.01508355]
[-0.01484018]
[-0.01490021]
[-0.01492424]
[-0.0148554]
[-0.01488249]
[-0.01488708]
[-0.0148803]
[-0.01484499]
[-0.01487869]
[-0.01525379]
[-0.01489719]
[-0.01490889]
[-0.01490086]
[-0.01487792]
[-0.01496687]
[-0.01488393]
[-0.01489505]
[-0.01487804]
[-0.01489082]
[-0.01489509]
[-0.01507054]
[-0.01487056]
[-0.01490294]
[-0.01490838]
[-0.01489453]
[-0.01488961]
[-0.01487134]
[-0.0148667]
[-0.01490624]
[-0.01486885]
[-0.01526042]
[-0.01489161]
[-0.01487382]
[-0.01488752]
[-0.01491523]
[-0.01486454]
[-0.01491476]
[-0.01491594]
[-0.01488572]
[-0.01498506]
[-0.01526547]
[-0.01491574]
[-0.01519282]
[-0.01519352]
[-0.01490927]
[-0.01492425]
[-0.01493075]
[-0.01503452]
[-0.01492437]
[-0.01487566]
[-0.01488265]
[-0.01490651]
[-0.01488788]
[-0.01490075]
[-0.01492689]
[-0.01526425]
[-0.01486607]
[-0.01496805]
[-0.01491897]
[-0.01490725]
[-0.01490022]
[-0.01489375]
[-0.01488181]
[-0.01492491]
[-0.01525278]
[-0.01492302]
[-0.01491004]
[-0.01489904]
[-0.01489714]
[-0.01498326]
[-0.01496065]
[-0.01498806]
[-0.01487705]
[-0.01492841]
[-0.01498006]
[-0.01487789]
[-0.01486818]
[-0.01498734]
[-0.01487892]
[-0.01487044]
[-0.01488954]
[-0.01491137]
[-0.01487985]
[-0.01520508]
[-0.0148783]
[-0.01487061]
[-0.01489072]
[-0.01488894]
[-0.015168]
[-0.01490734]
[-0.01491779]
[-0.01491192]
[-0.015098]
[-0.01498777]
[-0.01488847]
[-0.01487385]
[-0.01491413]
[-0.01496927]
[-0.01494973]
[-0.0152561]
[-0.01490364]
[-0.0148903]
[-0.01497338]
[-0.01490316]
[-0.01489252]
[-0.01487738]
[-0.01489487]
[-0.01488789]
[-0.01496302]
[-0.01493657]
[-0.014869]
[-0.0148933]
[-0.01505778]
[-0.01491363]
[-0.01488076]
[-0.0148747]
[-0.01493929]
[-0.01490277]
[-0.01491206]
[-0.01488452]
[-0.01487855]
[-0.01490503]
[-0.01485459]
[-0.01491218]
[-0.01486279]
[-0.01485888]
[-0.01490178]
[-0.01490306]
[-0.01485322]
[-0.01499217]
[-0.01489035]
[-0.01489323]
[-0.01508215]
[-0.01489276]
[-0.01488515]
[-0.01489697]
[-0.01489513]
[-0.01491404]
[-0.01499045]
[-0.01489183]
[-0.01488383]
[-0.01497607]
[-0.01490748]
[-0.01491217]
[-0.01489341]
[-0.01490037]
[-0.01490385]
[-0.01490771]
[-0.01496725]
[-0.01485165]
[-0.01488983]
[-0.01490045]
[-0.01490793]
[-0.01498056]
[-0.01489836]
[-0.01490872]
[-0.01493753]
[-0.01495228]
[-0.01490847]
[-0.01486337]
[-0.01495514]
[-0.01525384]
[-0.01486016]
[-0.0149411]
[-0.01489287]
[-0.01488015]
[-0.01527623]
[-0.01488211]
[-0.01489882]
[-0.01489371]
[-0.01520653]
[-0.01487909]
[-0.01493849]
[-0.01493325]
[-0.01524216]
[-0.01488183]
[-0.01491538]
[-0.01497064]
[-0.01489236]
[-0.01490426]
[-0.01508434]
[-0.01491267]
[-0.01489934]
[-0.01488974]
[-0.01489236]
[-0.01490978]
[-0.01491449]
[-0.01487483]
[-0.01487987]
[-0.01491486]
[-0.01488912]
[-0.0148616]
[-0.01494484]
[-0.01487675]
[-0.01489923]
[-0.01508604]
[-0.01489857]
[-0.0149044]
[-0.01488587]
[-0.01491617]
[-0.01487831]
[-0.01487042]
[-0.01490794]
[-0.01492435]
[-0.01487577]
[-0.01487789]
[-0.01490556]
[-0.01488835]
[-0.01489304]
[-0.01493406]
[-0.01488405]
[-0.01485447]
[-0.01488596]
[-0.0148878]
[-0.01493741]
[-0.01488902]
[-0.01489069]
[-0.01498859]
[-0.01488541]
[-0.01490291]
[-0.01487137]
[-0.01488943]
[-0.0149582]
[-0.01528013]
[-0.01488602]
[-0.0148591]
[-0.01487677]
[-0.0152419]
[-0.01491554]
[-0.01486849]
[-0.01489106]
[-0.01493501]
[-0.01489091]
[-0.01486406]
[-0.01489504]
[-0.01525575]
[-0.01490424]
[-0.01487296]
[-0.01487671]
[-0.01499111]
[-0.01506066]
[-0.0148809]
[-0.01490763]
[-0.01485141]
[-0.01489753]
[-0.01490087]
[-0.01495297]
[-0.01489123]
[-0.01489386]
[-0.01491832]
[-0.01496761]
[-0.01491442]
[-0.01485556]
[-0.01489822]
[-0.0149046]
[-0.01486817]
[-0.01490911]
[-0.01491401]
[-0.01496061]
[-0.01497807]
[-0.0149142]
[-0.01489887]
[-0.01496544]
[-0.01493106]
[-0.0148774]
[-0.01490206]
[-0.01488873]
[-0.01526126]
[-0.01490609]
[-0.0149272]
[-0.01489678]
[-0.01491203]
[-0.01493239]
[-0.01486146]
[-0.01488207]
[-0.01492724]
[-0.01490021]
[-0.0148816]
[-0.01487749]
[-0.0148822]
[-0.01494299]
[-0.01491352]
[-0.0150637]
[-0.01526124]
[-0.01487562]
[-0.01489869]
[-0.01496331]
[-0.01487579]
[-0.01487439]
[-0.01491791]
[-0.01490163]
[-0.0148603]
[-0.01527544]
[-0.01520397]
[-0.01491285]
[-0.01526455]
[-0.01491342]
[-0.01489284]
[-0.01497238]
[-0.01501052]
[-0.0152663]
[-0.01483522]
[-0.01489277]
[-0.01492336]
[-0.01487849]
[-0.01490499]
[-0.01508847]
[-0.01506784]
[-0.01527484]
[-0.0148946]
[-0.01489595]
[-0.01487036]
[-0.01505003]
[-0.01486157]
[-0.01487344]
[-0.01490027]
[-0.01490563]
[-0.01489057]
[-0.01488202]
[-0.01489213]
[-0.01497877]
[-0.01488411]
[-0.01495876]
[-0.01489096]
[-0.01487887]
[-0.01487445]
[-0.01489423]
[-0.01490622]
[-0.01525336]
[-0.01485428]
[-0.01487927]
[-0.01491773]
[-0.01489093]
[-0.01526696]
[-0.01488134]
[-0.01484545]
[-0.01486953]
[-0.01494195]
[-0.01530088]
[-0.01510155]
[-0.01485377]
[-0.01484599]
[-0.01486301]
[-0.01491637]
[-0.01491387]
[-0.01493813]
[-0.01489781]
[-0.01492473]
[-0.01494531]
[-0.01485235]
[-0.01493123]
[-0.01488333]
[-0.01490241]
[-0.0152783]
[-0.01529704]
[-0.01528103]
[-0.01492451]
[-0.01488266]
[-0.01486066]
[-0.01487006]
[-0.0148967]
[-0.01489143]
[-0.01489369]
[-0.01495258]
[-0.01494592]
[-0.01491191]
[-0.01506991]
[-0.01489075]
[-0.01487041]
[-0.01491753]
[-0.01486965]
[-0.01487592]
[-0.01488238]
[-0.01503785]
[-0.01490767]
[-0.01506443]
[-0.01490902]
[-0.01490504]
[-0.01487716]
[-0.01490514]
[-0.01489662]
[-0.01498055]
[-0.01488127]
[-0.01488862]
[-0.01493807]
[-0.01490129]
[-0.01489329]
[-0.01492344]
[-0.01489813]
[-0.0149904]
[-0.01491156]
[-0.01488118]
[-0.01509355]
[-0.01524328]
[-0.01488343]
[-0.01494325]
[-0.0148814]
[-0.01499393]
[-0.01494892]
[-0.0149361]
[-0.01487518]
[-0.01491018]
[-0.01488986]
[-0.01492282]
[-0.01487026]
[-0.01488002]
[-0.01487187]
[-0.01488667]
[-0.01494066]
[-0.01490563]
[-0.01491795]
[-0.01489359]
[-0.01506924]
[-0.01487254]
[-0.01488326]
[-0.01490676]
[-0.01488655]
[-0.01499411]
[-0.01487547]
[-0.0149028]
[-0.01488796]
[-0.01488763]
[-0.01490882]
[-0.0148686]
[-0.01496651]
[-0.01490614]
[-0.01488811]
[-0.01491588]
[-0.01490157]
[-0.01490139]
[-0.01489057]
[-0.01489884]
[-0.01489944]
[-0.01519733]
[-0.01491546]
[-0.01492038]
[-0.01508452]
[-0.01485008]
[-0.01526151]
[-0.01488571]
[-0.01488981]
[-0.0149197]
[-0.01490168]
[-0.01491562]
[-0.01507068]
[-0.01491781]
[-0.01485435]
[-0.01488403]
[-0.01498644]
[-0.01495622]
[-0.01489648]
[-0.01491229]
[-0.01487675]
[-0.01486313]
[-0.0148872]
[-0.01488314]
[-0.01491422]
[-0.01490006]
[-0.0149575]
[-0.01489444]
[-0.01486072]
[-0.01493911]
[-0.01488223]
[-0.01494577]
[-0.01487104]
[-0.01491695]
[-0.01492168]
[-0.0149602]
[-0.01487341]
[-0.01485577]
[-0.01488374]
[-0.01491302]
[-0.01490776]
[-0.01489752]
[-0.01490098]
[-0.01497587]
[-0.01489016]
[-0.01489815]
[-0.01495379]
[-0.01496481]
[-0.01507659]
[-0.01493985]
[-0.01526619]
[-0.01491482]
[-0.01498336]
[-0.01498299]
[-0.01526387]
[-0.01488127]
[-0.01489937]
[-0.01490443]
[-0.01485748]
[-0.01497866]
[-0.0149]
[-0.0149027]
[-0.01491141]
[-0.01488008]
[-0.01496436]
[-0.01488005]
[-0.01496586]
[-0.01486674]
[-0.0148749]
[-0.01488299]
[-0.01488453]
[-0.01488215]
[-0.01487634]
[-0.01489699]
[-0.01488836]
[-0.01487567]
[-0.01486557]
[-0.01508178]
[-0.01491761]
[-0.01488003]
[-0.0149022]
[-0.01487663]
[-0.01490686]
[-0.01498259]
[-0.01527836]
[-0.01487124]
[-0.01485241]
[-0.01490771]
[-0.01490315]
[-0.01487081]
[-0.01498752]
[-0.01528585]
[-0.01488764]
[-0.01488733]
[-0.01488177]
[-0.01496283]
[-0.01489255]
[-0.01486332]
[-0.01493401]
[-0.01488466]
[-0.01493054]
[-0.01497217]
[-0.01489869]
[-0.01482565]
[-0.01526256]
[-0.01487539]
[-0.01490756]
[-0.01490385]
[-0.01491558]
[-0.01488733]
[-0.01489809]
[-0.01488962]
[-0.01494614]
[-0.01490378]
[-0.01490441]
[-0.01510057]
[-0.01496762]
[-0.01491239]
[-0.01490358]
[-0.01490873]
[-0.01487604]
[-0.01526636]
[-0.01493478]
[-0.01498366]
[-0.0148995]
[-0.01506406]
[-0.01487462]
[-0.01486786]
[-0.01489321]
[-0.0150688]
[-0.01490756]
[-0.0149143]
[-0.01488462]
[-0.01508374]
[-0.01487372]
[-0.01489912]
[-0.01491774]
[-0.0149049]
[-0.01494114]
[-0.01488868]
[-0.01489469]
[-0.0148758]
[-0.01491256]
[-0.01496315]
[-0.01487906]
[-0.01494006]
[-0.01498323]
[-0.01489221]
[-0.014894]
[-0.01487033]
[-0.01492761]
[-0.0148755]
[-0.01492105]
[-0.01488796]
[-0.01490974]
[-0.01486665]
[-0.01487324]
[-0.01510098]
[-0.01488791]
[-0.01488188]
[-0.01489003]
[-0.01497657]
[-0.01488066]
[-0.0152516]
[-0.01496481]
[-0.01488855]
[-0.01489622]
[-0.01489003]
[-0.01525969]
[-0.01488945]
[-0.0148956]
[-0.01489306]
[-0.01491779]
[-0.01493426]
[-0.01487587]
[-0.01489874]
[-0.01488941]
[-0.01493891]
[-0.01487692]
[-0.01487975]
[-0.01494246]
[-0.0148558]
[-0.01491542]
[-0.01490362]
[-0.01489484]
[-0.01487702]
[-0.01494611]
[-0.01489776]
[-0.01487634]
[-0.01486168]
[-0.0148965]
[-0.01488066]
[-0.01491715]
[-0.01492198]
[-0.01489615]
[-0.01488176]
[-0.01498421]
[-0.01491951]
[-0.01491303]
[-0.01487748]
[-0.01489432]
[-0.01488067]
[-0.0148567]
[-0.01489135]
[-0.01490785]
[-0.01487509]
[-0.01486939]
[-0.01490172]
[-0.01491617]
[-0.01488364]
[-0.01487154]
[-0.01490183]
[-0.0148834]
[-0.01488141]
[-0.01498628]
[-0.01488913]
[-0.01496966]
[-0.01490968]
[-0.01490857]
[-0.01498506]
[-0.01487572]
[-0.01488535]
[-0.01489687]
[-0.01497489]
[-0.01487602]
[-0.01491384]
[-0.01488777]
[-0.01488616]
[-0.01485688]
[-0.01488779]
[-0.01490763]
[-0.01493514]
[-0.01494913]
[-0.01487695]
[-0.01509427]
[-0.01492329]
[-0.0148912]
[-0.01491892]
[-0.01485245]
[-0.01490256]
[-0.01489473]
[-0.0149149]
[-0.01491316]
[-0.01489068]
[-0.01488942]
[-0.01491391]
[-0.01507464]
[-0.01485875]
[-0.01485365]
[-0.0148886]
[-0.01492942]
[-0.01487573]
[-0.01490458]
[-0.01491164]
[-0.01493033]
[-0.01525302]
[-0.01491912]
[-0.01498182]
[-0.01488144]
[-0.01497554]
[-0.01487459]
[-0.01490602]
[-0.01487331]
[-0.01507781]
[-0.01489833]
[-0.01488453]
[-0.01489088]
[-0.01490526]
[-0.01498279]
[-0.014894]
[-0.01489525]
[-0.01507149]
[-0.01490093]
[-0.01492458]
[-0.0149178]
[-0.01484187]
[-0.01489147]
[-0.0149066]
[-0.01491733]
[-0.01498502]
[-0.01494439]
[-0.01500223]
[-0.01519005]
[-0.01491712]
[-0.0149134]
[-0.01508278]
[-0.01490059]
[-0.01491447]
[-0.01487594]
[-0.0149817]
[-0.01488531]
[-0.01485922]
[-0.0149238]
[-0.01489339]
[-0.01488551]
[-0.01490055]
[-0.01490441]
[-0.01490617]
[-0.01507336]
[-0.01489872]
[-0.01488056]
[-0.01490947]
[-0.01489985]
[-0.01486703]
[-0.01525772]
[-0.01489398]
[-0.01491079]
[-0.01486827]
[-0.01488752]
[-0.01490982]
[-0.01505357]
[-0.01490525]
[-0.01506722]
[-0.01493278]
[-0.01490807]
[-0.01491332]
[-0.015276]
[-0.0148951]
[-0.01509813]
[-0.01485785]
[-0.01491518]
[-0.0149369]
[-0.01488927]
[-0.01491178]
[-0.01488606]
[-0.01489856]
[-0.01504519]
[-0.01492537]
[-0.01488972]
[-0.01489244]
[-0.01496138]
[-0.01494048]
[-0.01509004]
[-0.0150417]
[-0.01495343]
[-0.01507744]
[-0.0149072]
[-0.01491814]
[-0.0149048]
[-0.01493591]
[-0.01490446]
[-0.014892]
[-0.0149101]
[-0.01487259]
[-0.01488871]
[-0.01487275]
[-0.01490608]
[-0.01488667]
[-0.01529334]
[-0.01525751]
[-0.01489719]
[-0.01487381]
[-0.0148993]
[-0.01488685]
[-0.01490008]
[-0.01492279]
[-0.01486243]
[-0.01486667]
[-0.01487365]
[-0.01491872]
[-0.0150502]
[-0.01488922]
[-0.01488921]
[-0.01494952]
[-0.01488746]
[-0.01488897]
[-0.01493501]
[-0.0152619]
[-0.0148999]
[-0.01498037]
[-0.01490585]
[-0.01508975]
[-0.01488371]
[-0.01490705]
[-0.01487958]
[-0.01487863]
[-0.01487028]
[-0.01494398]
[-0.01490283]
[-0.01493821]
[-0.01507406]
[-0.01490281]
[-0.01494777]
[-0.01488166]
[-0.01490263]
[-0.0149511]
[-0.01487284]
[-0.01489788]
[-0.01487567]
[-0.01526995]
[-0.01498976]
[-0.01488909]
[-0.01524557]
[-0.0148745]
[-0.01488096]
[-0.01498429]
[-0.01490617]
[-0.01493204]
[-0.01492633]
[-0.01495326]
[-0.0149126]
[-0.01489922]
[-0.01496523]
[-0.01490779]
[-0.01487521]
[-0.01488271]
[-0.01491434]
[-0.01490695]
[-0.01491271]
[-0.01488415]
[-0.01496896]
[-0.01487552]
[-0.0149235]
[-0.01488973]
[-0.01488672]
[-0.01488629]
[-0.01497358]
[-0.01488354]
[-0.01487086]
[-0.01500798]
[-0.01491444]
[-0.01494413]
[-0.0148899]
[-0.0148921]
[-0.01491097]
[-0.01492141]
[-0.01489722]
[-0.01490765]
[-0.01489755]
[-0.0149312]
[-0.01490607]
[-0.01500865]
[-0.01488158]
[-0.0149905]
[-0.01509351]
[-0.01490459]
[-0.01492806]
[-0.01487436]
[-0.01496411]
[-0.01488718]
[-0.01503495]
[-0.01487901]
[-0.01490289]
[-0.01490237]
[-0.01498066]
[-0.01494007]
[-0.01496168]
[-0.0148986]
[-0.01491131]
[-0.01488549]
[-0.01493082]
[-0.01490756]
[-0.01488827]
[-0.01490118]
[-0.01489677]
[-0.01486509]
[-0.01525627]
[-0.01494439]
[-0.01490317]
[-0.0149032]
[-0.0149774]
[-0.01509727]
[-0.01488876]
[-0.01491611]
[-0.01518488]
[-0.01498247]
[-0.01491208]
[-0.01490188]
[-0.01492549]
[-0.01489156]
[-0.01492031]
[-0.01489447]
[-0.01490463]
[-0.0149173]
[-0.0149779]
[-0.01489246]
[-0.01489801]
[-0.01487909]
[-0.01509011]
[-0.01491987]
[-0.01490363]
[-0.01488876]
[-0.0149602]
[-0.01491189]
[-0.01493708]
[-0.01495802]
[-0.01486448]
[-0.01507821]
[-0.01487356]
[-0.01498394]
[-0.01494011]
[-0.01491046]
[-0.01491507]
[-0.01488797]
[-0.01490947]
[-0.01496702]
[-0.01488259]
[-0.01525997]
[-0.01490311]
[-0.01490718]
[-0.01498413]
[-0.01491126]
[-0.01489284]
[-0.01486184]
[-0.0148968]
[-0.01488073]
[-0.01527441]
[-0.01489298]
[-0.01493256]
[-0.01497238]
[-0.01489699]
[-0.01493371]
[-0.01495847]
[-0.01498593]
[-0.01490799]
[-0.01494249]
[-0.01487153]
[-0.01506441]
[-0.0148951]
[-0.01492145]
[-0.01492622]
[-0.01491799]
[-0.01497226]
[-0.01489272]
[-0.01492519]
[-0.01530837]
[-0.01488058]
[-0.01487128]
[-0.01487428]
[-0.01489707]
[-0.01491994]
[-0.01489404]
[-0.0148927]
[-0.01490409]
[-0.01488242]
[-0.01491697]
[-0.01507814]
[-0.01489739]
[-0.01484905]
[-0.0149118]
[-0.01497845]
[-0.01488543]
[-0.0149022]
[-0.01488223]
[-0.01489047]
[-0.01498902]
[-0.01508575]
[-0.01488378]
[-0.01491961]
[-0.01490251]
[-0.01493954]
[-0.01488975]
[-0.01487989]
[-0.01528141]
[-0.01495086]
[-0.0149346]
[-0.01488896]
[-0.01488713]
[-0.0149035]
[-0.01499667]
[-0.01498287]
[-0.01489459]
[-0.01488009]
[-0.01486962]
[-0.01523026]
[-0.01506532]
[-0.01489662]
[-0.01495282]
[-0.01485914]
[-0.01494645]
[-0.01487845]
[-0.0149133]
[-0.01508877]
[-0.01503188]
[-0.01495044]
[-0.0150725]
[-0.01488948]
[-0.01494606]
[-0.01495053]
[-0.01498609]
[-0.01487895]
[-0.01496631]
[-0.01489638]
[-0.01489138]
[-0.01506539]
[-0.0149313]
[-0.01486246]
[-0.01488853]
[-0.0148965]
[-0.01489779]
[-0.01490012]
[-0.01508557]
[-0.01489035]
[-0.01516692]
[-0.01527895]
[-0.01486313]
[-0.01487793]
[-0.01509877]
[-0.01491374]
[-0.01492998]
[-0.01493318]
[-0.0152755]
[-0.01498716]
[-0.01507685]
[-0.01488281]
[-0.01491213]
[-0.01521223]
[-0.01519505]
[-0.0148683]
[-0.01498246]
[-0.01491935]
[-0.01492684]
[-0.01526569]
[-0.01526328]
[-0.01490694]
[-0.01496721]
[-0.0149747]
[-0.01489125]
[-0.01499774]
[-0.0148923]
[-0.01497589]
[-0.01497567]
[-0.01496036]
[-0.01493835]
[-0.01497092]
[-0.01486736]
[-0.01522847]
[-0.0149797]
[-0.01488816]
[-0.01491038]
[-0.01528549]
[-0.01525747]
[-0.01489087]
[-0.01485085]
[-0.01493175]
[-0.01490639]
[-0.01504281]
[-0.01490397]
[-0.01487278]
[-0.01497495]
[-0.01524966]
[-0.01489336]
[-0.01488665]
[-0.01492412]
[-0.01487755]
[-0.01487502]
[-0.01487905]
[-0.01489529]
[-0.014898]
[-0.01488989]
[-0.01491174]
[-0.01490451]
[-0.01490398]
[-0.01485671]
[-0.01510558]
[-0.01487721]
[-0.0149031]
[-0.01488465]
[-0.01487879]
[-0.01492418]
[-0.01507565]
[-0.01493375]
[-0.01487558]
[-0.0149765]
[-0.01507821]
[-0.01527157]
[-0.01489483]
[-0.01490062]
[-0.01506938]
[-0.014919]
[-0.01508533]
[-0.01488692]
[-0.0149361]
[-0.01493121]
[-0.01497542]
[-0.01491939]
[-0.01509154]
[-0.01492584]
[-0.01525831]
[-0.01492482]
[-0.01489259]
[-0.01491009]
[-0.01490597]
[-0.01490346]
[-0.01489022]
[-0.01489573]
[-0.01493344]
[-0.01492322]
[-0.01488467]
[-0.01490842]
[-0.01489988]
[-0.0148919]
[-0.01492007]
[-0.0149655]
[-0.0149161]
[-0.01488587]
[-0.01490746]
[-0.01490557]
[-0.01492567]
[-0.01487468]
[-0.01506567]
[-0.01526786]
[-0.01498816]
[-0.01491408]
[-0.0148846]
[-0.01487901]
[-0.01488141]
[-0.01488929]
[-0.01495344]
[-0.01490829]
[-0.01506765]
[-0.01490209]
[-0.01491349]
[-0.01497145]
[-0.01489371]
[-0.01508278]
[-0.01488404]
[-0.01488162]
[-0.0149063]
[-0.01487867]
[-0.01524789]
[-0.01526992]
[-0.01489085]
[-0.0148929]
[-0.01498154]
[-0.01488424]
[-0.01527437]
[-0.01493033]
[-0.01525921]
[-0.01496942]
[-0.01491477]
[-0.01492267]
[-0.01489936]
[-0.01489027]
[-0.01489606]
[-0.01490982]
[-0.01506606]
[-0.01491157]
[-0.01489255]
[-0.01489773]
[-0.01492821]
[-0.0149897]
[-0.01490023]
[-0.01489273]
[-0.01523893]
[-0.01489041]
[-0.01498123]
[-0.01491056]
[-0.01493898]
[-0.01491063]
[-0.01488888]
[-0.01491469]
[-0.01493371]
[-0.01491287]
[-0.01493792]
[-0.014889]
[-0.01489367]
[-0.01489912]
[-0.01525221]
[-0.01490988]
[-0.01489759]
[-0.01488701]
[-0.01490702]
[-0.0149141]
[-0.0149363]
[-0.01487573]
[-0.01493082]
[-0.01489911]
[-0.01488166]
[-0.01489138]
[-0.01489177]
[-0.01486753]
[-0.01492223]
[-0.01495935]
[-0.01525496]
[-0.01490658]
[-0.01489006]
[-0.01489651]
[-0.0149259]
[-0.01487616]
[-0.01517353]
[-0.01488739]
[-0.01497004]
[-0.0149046]
[-0.0152694]
[-0.01485791]
[-0.01491887]
[-0.01493117]
[-0.01492407]
[-0.0150857]



[[30.70589757]]

[[-0.57740086 -0.57730302 -0.57734692]]

